1789 1780
1789 1783
1789 1787
1789 1922
1789 1774
1789 1908
1789 1907
1789 1775
1789 1738
1789 1711
1789 1837
1789 1772
1789 1617
1789 1778
1789 1548
1789 1759
1789 1749
1789 1757
1789 1674
1789 1753
1789 1752
1789 1673
1789 1799
1789 1798
1789 1579
1789 1833
1789 1792
1789 1790
1789 1796
1789 1919
1789 1465
1789 1911
1789 1859
1789 1916
1789 1641
1789 1625
1789 1656
1789 1628
1789 1722
1789 1809
1789 1822
1789 1680
1789 1768
1789 1457
1789 1532
1789 1851
1789 1760
1789 1761
1789 1766
1789 1767
1789 1764
1780 1718
1780 1783
1780 1820
1780 1483
1780 1887
1780 1486
1780 1908
1780 1909
1780 1720
1780 1628
1780 1902
1780 1858
1780 1712
1780 1710
1780 1837
1780 1664
1780 1714
1780 1731
1780 1851
1780 1719
1780 1732
1780 1613
1780 1737
1780 1697
1780 1648
1780 1685
1780 1749
1780 1757
1780 1533
1780 1564
1780 1843
1780 1698
1780 1673
1780 1778
1780 1551
1780 1798
1780 1741
1780 1579
1780 1833
1780 1767
1780 1795
1780 1674
1780 1552
1780 1889
1780 1572
1780 1911
1780 1859
1780 1641
1780 1738
1780 1916
1780 1700
1780 1516
1780 1704
1780 1625
1780 1801
1780 1594
1780 1708
1780 1558
1780 1855
1780 1707
1780 1722
1780 1723
1780 1809
1780 1822
1780 1555
1780 1768
1780 1748
1780 1751
1780 1727
1780 1744
1780 1763
1780 1746
1780 1761
1780 1838
1780 1764
1780 1570
1782 1628
1782 1820
1782 1898
1782 1720
1782 1909
1782 1907
1782 1902
1782 1738
1782 1426
1782 1851
1782 1719
1782 1767
1782 1855
1782 1737
1782 1697
1782 1648
1782 1757
1782 1564
1782 1698
1782 1749
1782 1741
1782 1579
1782 1833
1782 1792
1782 1790
1782 1796
1782 1795
1782 1889
1782 1592
1782 1911
1782 1859
1782 1912
1782 1916
1782 1551
1782 1643
1782 1552
1782 1704
1782 1625
1782 1801
1782 1707
1782 1708
1782 1558
1782 1714
1782 1722
1782 1723
1782 1809
1782 1822
1782 1843
1782 1768
1782 1748
1782 1751
1782 1727
1782 1763
1782 1746
1782 1664
1782 1838
1782 1772
1783 1787
1783 1908
1783 1909
1783 1606
1783 1902
1783 1775
1783 1738
1783 1711
1783 1836
1783 1770
1783 1714
1783 1719
1783 1778
1783 1548
1783 1857
1783 1759
1783 1757
1783 1753
1783 1752
1783 1799
1783 1798
1783 1504
1783 1774
1783 1792
1783 1790
1783 1796
1783 1919
1783 1493
1783 1763
1783 1859
1783 1913
1783 1912
1783 1760
1783 1461
1783 1772
1783 1604
1783 1809
1783 1822
1783 1768
1783 1748
1783 1744
1783 1745
1783 1665
1783 1761
1783 1766
1783 1767
1783 1764
1787 1486
1787 1775
1787 1738
1787 1711
1787 1770
1787 1772
1787 1852
1787 1697
1787 1695
1787 1759
1787 1757
1787 1675
1787 1753
1787 1752
1787 1673
1787 1799
1787 1798
1787 1774
1787 1792
1787 1790
1787 1796
1787 1766
1787 1426
1787 1768
1787 1745
1787 1761
1787 1663
1787 1767
1787 1764
1546 1653
1546 1486
1546 1906
1546 1895
1546 1549
1546 1503
1546 1815
1546 1711
1546 1545
1546 1837
1546 1835
1546 1730
1546 1718
1546 1613
1546 1548
1546 1585
1546 1696
1546 1697
1546 1500
1546 1695
1546 1521
1546 1504
1546 1675
1546 1563
1546 1528
1546 1751
1546 1912
1546 1866
1546 1498
1546 1885
1546 1524
1546 1437
1546 1434
1546 1705
1546 1821
1546 1579
1546 1768
1546 1457
1546 1533
1546 1532
1546 1666
1546 1665
1546 1664
1546 1458
1546 1857
1546 1539
1546 1538
1774 1480
1774 1775
1774 1859
1774 1632
1774 1770
1774 1772
1774 1778
1774 1696
1774 1697
1774 1501
1774 1443
1774 1759
1774 1757
1774 1752
1774 1673
1774 1551
1774 1799
1774 1798
1774 1792
1774 1790
1774 1711
1774 1796
1774 1465
1774 1700
1774 1434
1774 1768
1774 1533
1774 1761
1774 1766
1774 1767
1774 1764
1574 1809
1574 1719
1574 1489
1574 1738
1574 1711
1574 1714
1574 1731
1574 1838
1574 1737
1574 1560
1574 1685
1574 1562
1574 1727
1574 1564
1574 1567
1574 1700
1574 1741
1574 1712
1574 1796
1574 1795
1574 1594
1574 1912
1574 1551
1574 1552
1574 1555
1574 1801
1574 1707
1574 1709
1574 1722
1574 1720
1574 1822
1574 1579
1574 1748
1574 1558
1574 1744
1574 1572
1574 1746
1574 1570
1574 1580
1545 1426
1545 1653
1545 1821
1545 1761
1545 1482
1545 1922
1545 1480
1545 1486
1545 1890
1545 1815
1545 1887
1545 1837
1545 1618
1545 1697
1545 1730
1545 1548
1545 1549
1545 1696
1545 1503
1545 1500
1545 1695
1545 1443
1545 1468
1545 1504
1545 1675
1545 1753
1545 1698
1545 1477
1545 1797
1545 1866
1545 1498
1545 1684
1545 1665
1545 1434
1545 1656
1545 1705
1545 1528
1545 1835
1545 1847
1545 1439
1545 1533
1545 1532
1545 1428
1545 1525
1545 1666
1545 1664
1545 1458
1545 1539
1545 1765
1836 1895
1836 1630
1836 1632
1836 1831
1836 1835
1836 1818
1836 1819
1836 1857
1836 1521
1836 1759
1836 1866
1836 1790
1836 1865
1836 1888
1836 1910
1836 1885
1836 1880
1836 1807
1836 1805
1836 1802
1836 1601
1836 1821
1836 1766
1770 1775
1770 1711
1770 1790
1770 1429
1770 1799
1770 1796
1770 1768
1770 1798
1770 1759
1770 1757
1770 1752
1770 1760
1770 1761
1770 1766
1770 1778
1770 1764
1772 1902
1772 1775
1772 1711
1772 1718
1772 1779
1772 1778
1772 1759
1772 1757
1772 1675
1772 1461
1772 1752
1772 1799
1772 1798
1772 1792
1772 1790
1772 1796
1772 1663
1772 1753
1772 1768
1772 1760
1772 1761
1772 1766
1772 1764
1838 1732
1838 1613
1838 1887
1838 1720
1838 1909
1838 1890
1838 1738
1838 1711
1838 1714
1838 1731
1838 1617
1838 1719
1838 1718
1838 1778
1838 1737
1838 1549
1838 1503
1838 1723
1838 1757
1838 1685
1838 1673
1838 1551
1838 1799
1838 1579
1838 1833
1838 1790
1838 1795
1838 1861
1838 1594
1838 1902
1838 1745
1838 1911
1838 1859
1838 1684
1838 1916
1838 1700
1838 1643
1838 1555
1838 1625
1838 1801
1838 1707
1838 1708
1838 1709
1838 1855
1838 1800
1838 1722
1838 1820
1838 1809
1838 1822
1838 1843
1838 1768
1838 1457
1838 1748
1838 1749
1838 1727
1838 1763
1838 1746
1838 1741
1838 1764
1838 1743
1779 1661
1779 1920
1779 1922
1779 1908
1779 1909
1779 1907
1779 1738
1779 1730
1779 1696
1779 1697
1779 1695
1779 1674
1779 1675
1779 1656
1779 1698
1779 1673
1779 1594
1779 1688
1779 1666
1779 1917
1779 1551
1779 1664
1779 1670
1779 1604
1779 1681
1779 1680
1779 1682
1779 1684
1779 1687
1779 1744
1779 1745
1779 1665
1779 1479
1779 1663
1779 1764
1779 1765
1778 1920
1778 1887
1778 1909
1778 1907
1778 1890
1778 1859
1778 1711
1778 1731
1778 1902
1778 1613
1778 1695
1778 1833
1778 1759
1778 1757
1778 1564
1778 1752
1778 1799
1778 1798
1778 1579
1778 1792
1778 1790
1778 1796
1778 1594
1778 1666
1778 1911
1778 1704
1778 1700
1778 1552
1778 1641
1778 1643
1778 1625
1778 1708
1778 1753
1778 1820
1778 1843
1778 1768
1778 1749
1778 1558
1778 1572
1778 1760
1778 1761
1778 1766
1778 1719
1778 1764
1548 1722
1548 1482
1548 1480
1548 1649
1548 1908
1548 1895
1548 1585
1548 1815
1548 1751
1548 1837
1548 1618
1548 1503
1548 1730
1548 1818
1548 1549
1548 1696
1548 1697
1548 1500
1548 1695
1548 1443
1548 1468
1548 1504
1548 1757
1548 1653
1548 1538
1548 1563
1548 1670
1548 1698
1548 1673
1548 1477
1548 1797
1548 1647
1548 1465
1548 1493
1548 1822
1548 1592
1548 1498
1548 1501
1548 1912
1548 1551
1548 1434
1548 1656
1548 1705
1548 1528
1548 1835
1548 1821
1548 1426
1548 1439
1548 1457
1548 1533
1548 1532
1548 1452
1548 1666
1548 1525
1548 1665
1548 1664
1548 1458
1548 1857
1548 1539
1548 1765
1549 1847
1549 1722
1549 1815
1549 1837
1549 1618
1549 1835
1549 1730
1549 1696
1549 1503
1549 1500
1549 1695
1549 1504
1549 1757
1549 1675
1549 1563
1549 1564
1549 1673
1549 1851
1549 1790
1549 1797
1549 1795
1549 1697
1549 1688
1549 1592
1549 1684
1549 1885
1549 1912
1549 1551
1549 1705
1549 1801
1549 1708
1549 1709
1549 1628
1549 1821
1549 1439
1549 1533
1549 1532
1549 1428
1549 1525
1549 1665
1549 1538
1549 1765
1775 1711
1775 1697
1775 1759
1775 1757
1775 1752
1775 1698
1775 1799
1775 1798
1775 1792
1775 1790
1775 1796
1775 1880
1775 1766
1775 1822
1775 1768
1775 1760
1775 1761
1775 1663
1775 1767
1775 1764
1695 1847
1695 1761
1695 1920
1695 1482
1695 1922
1695 1480
1695 1685
1695 1908
1695 1906
1695 1907
1695 1585
1695 1890
1695 1682
1695 1696
1695 1711
1695 1688
1695 1837
1695 1835
1695 1428
1695 1852
1695 1502
1695 1697
1695 1501
1695 1520
1695 1458
1695 1759
1695 1465
1695 1757
1695 1675
1695 1483
1695 1727
1695 1670
1695 1752
1695 1698
1695 1673
1695 1687
1695 1680
1695 1796
1695 1674
1695 1684
1695 1493
1695 1730
1695 1745
1695 1498
1695 1641
1695 1912
1695 1437
1695 1434
1695 1563
1695 1555
1695 1801
1695 1594
1695 1656
1695 1426
1695 1722
1695 1681
1695 1617
1695 1768
1695 1457
1695 1533
1695 1532
1695 1452
1695 1668
1695 1666
1695 1665
1695 1664
1695 1663
1695 1661
1695 1765
1468 1592
1468 1483
1468 1482
1468 1480
1468 1486
1468 1908
1468 1907
1468 1902
1468 1887
1468 1837
1468 1664
1468 1426
1468 1731
1468 1617
1468 1719
1468 1613
1468 1585
1468 1502
1468 1503
1468 1501
1468 1443
1468 1458
1468 1522
1468 1465
1468 1520
1468 1563
1468 1656
1468 1751
1468 1749
1468 1687
1468 1453
1468 1477
1468 1668
1468 1479
1468 1697
1468 1493
1468 1495
1468 1866
1468 1498
1468 1684
1468 1437
1468 1516
1468 1625
1468 1594
1468 1698
1468 1461
1468 1637
1468 1714
1468 1606
1468 1708
1468 1457
1468 1680
1468 1451
1468 1452
1468 1428
1468 1688
1468 1665
1468 1673
1468 1666
1468 1459
1468 1765
1674 1653
1674 1920
1674 1908
1674 1711
1674 1616
1674 1696
1674 1697
1674 1500
1674 1560
1674 1675
1674 1656
1674 1698
1674 1673
1674 1790
1674 1477
1674 1796
1674 1688
1674 1745
1674 1911
1674 1684
1674 1912
1674 1551
1674 1664
1674 1670
1674 1648
1674 1681
1674 1731
1674 1579
1674 1685
1674 1451
1674 1687
1674 1666
1674 1572
1674 1665
1674 1570
1674 1663
1674 1661
1674 1765
1675 1670
1675 1663
1675 1649
1675 1592
1675 1661
1675 1920
1675 1461
1675 1908
1675 1906
1675 1907
1675 1857
1675 1696
1675 1711
1675 1887
1675 1664
1675 1730
1675 1852
1675 1613
1675 1502
1675 1503
1675 1520
1675 1759
1675 1606
1675 1562
1675 1563
1675 1753
1675 1698
1675 1673
1675 1687
1675 1579
1675 1790
1675 1797
1675 1552
1675 1697
1675 1493
1675 1495
1675 1688
1675 1498
1675 1684
1675 1885
1675 1912
1675 1665
1675 1551
1675 1437
1675 1434
1675 1479
1675 1704
1675 1625
1675 1656
1675 1628
1675 1847
1675 1604
1675 1822
1675 1681
1675 1680
1675 1768
1675 1682
1675 1533
1675 1532
1675 1452
1675 1727
1675 1744
1675 1745
1675 1666
1675 1761
1675 1458
1675 1835
1675 1764
1675 1765
1670 1661
1670 1908
1670 1902
1670 1738
1670 1617
1670 1852
1670 1538
1670 1696
1670 1697
1670 1656
1670 1698
1670 1451
1670 1572
1670 1792
1670 1684
1670 1919
1670 1663
1670 1688
1670 1498
1670 1913
1670 1912
1670 1647
1670 1664
1670 1625
1670 1461
1670 1603
1670 1604
1670 1606
1670 1681
1670 1680
1670 1682
1670 1533
1670 1477
1670 1687
1670 1666
1670 1745
1670 1665
1670 1673
1670 1458
1670 1539
1670 1765
1673 1628
1673 1649
1673 1564
1673 1920
1673 1482
1673 1486
1673 1908
1673 1498
1673 1552
1673 1585
1673 1902
1673 1887
1673 1664
1673 1426
1673 1730
1673 1613
1673 1696
1673 1503
1673 1500
1673 1443
1673 1461
1673 1465
1673 1562
1673 1727
1673 1751
1673 1521
1673 1855
1673 1687
1673 1663
1673 1859
1673 1697
1673 1790
1673 1684
1673 1648
1673 1479
1673 1757
1673 1520
1673 1688
1673 1911
1673 1555
1673 1912
1673 1650
1673 1516
1673 1861
1673 1656
1673 1704
1673 1705
1673 1625
1673 1594
1673 1843
1673 1753
1673 1665
1673 1707
1673 1847
1673 1483
1673 1681
1673 1680
1673 1768
1673 1682
1673 1698
1673 1452
1673 1428
1673 1745
1673 1666
1673 1761
1673 1458
1673 1661
1673 1765
1551 1628
1551 1625
1551 1558
1551 1855
1551 1877
1551 1922
1551 1898
1551 1737
1551 1719
1551 1909
1551 1907
1551 1857
1551 1890
1551 1757
1551 1664
1551 1714
1551 1731
1551 1617
1551 1613
1551 1696
1551 1723
1551 1501
1551 1833
1551 1465
1551 1560
1551 1562
1551 1668
1551 1564
1551 1685
1551 1751
1551 1567
1551 1799
1551 1741
1551 1579
1551 1712
1551 1851
1551 1790
1551 1730
1551 1795
1551 1824
1551 1493
1551 1889
1551 1572
1551 1887
1551 1859
1551 1912
1551 1738
1551 1916
1551 1700
1551 1552
1551 1555
1551 1706
1551 1801
1551 1800
1551 1708
1551 1709
1551 1707
1551 1722
1551 1820
1551 1720
1551 1822
1551 1911
1551 1843
1551 1768
1551 1457
1551 1748
1551 1727
1551 1744
1551 1763
1551 1746
1551 1570
1551 1809
1551 1580
1551 1594
1551 1765
1799 1711
1799 1851
1799 1613
1799 1759
1799 1757
1799 1656
1799 1752
1799 1698
1799 1700
1799 1798
1799 1792
1799 1790
1799 1796
1799 1594
1799 1552
1799 1641
1799 1643
1799 1625
1799 1628
1799 1665
1799 1761
1799 1766
1799 1764
1798 1766
1798 1922
1798 1711
1798 1618
1798 1730
1798 1759
1798 1757
1798 1753
1798 1752
1798 1833
1798 1792
1798 1790
1798 1796
1798 1795
1798 1495
1798 1859
1798 1916
1798 1552
1798 1708
1798 1656
1798 1637
1798 1768
1798 1533
1798 1668
1798 1745
1798 1760
1798 1761
1798 1458
1798 1767
1798 1764
1759 1766
1759 1480
1759 1895
1759 1907
1759 1606
1759 1711
1759 1732
1759 1737
1759 1697
1759 1757
1759 1753
1759 1752
1759 1698
1759 1579
1759 1833
1759 1792
1759 1790
1759 1796
1759 1888
1759 1887
1759 1859
1759 1601
1759 1708
1759 1613
1759 1714
1759 1722
1759 1822
1759 1681
1759 1680
1759 1768
1759 1665
1759 1761
1759 1663
1759 1767
1759 1764
1792 1613
1792 1898
1792 1711
1792 1767
1792 1855
1792 1697
1792 1757
1792 1752
1792 1790
1792 1796
1792 1887
1792 1753
1792 1820
1792 1822
1792 1768
1792 1764
1792 1760
1792 1761
1792 1766
1792 1539
1792 1765
1697 1847
1697 1592
1697 1745
1697 1752
1697 1920
1697 1482
1697 1486
1697 1908
1697 1907
1697 1443
1697 1902
1697 1682
1697 1688
1697 1837
1697 1637
1697 1851
1697 1719
1697 1766
1697 1502
1697 1503
1697 1501
1697 1696
1697 1606
1697 1757
1697 1562
1697 1563
1697 1428
1697 1751
1697 1833
1697 1767
1697 1684
1697 1796
1697 1764
1697 1761
1697 1493
1697 1730
1697 1653
1697 1498
1697 1912
1697 1917
1697 1700
1697 1437
1697 1552
1697 1705
1697 1656
1697 1458
1697 1698
1697 1709
1697 1722
1697 1720
1697 1822
1697 1681
1697 1680
1697 1579
1697 1457
1697 1533
1697 1532
1697 1687
1697 1558
1697 1666
1697 1665
1697 1664
1697 1663
1697 1852
1697 1661
1697 1765
1790 1519
1790 1920
1790 1564
1790 1922
1790 1572
1790 1486
1790 1909
1790 1890
1790 1711
1790 1617
1790 1718
1790 1696
1790 1648
1790 1767
1790 1753
1790 1685
1790 1698
1790 1858
1790 1504
1790 1859
1790 1453
1790 1837
1790 1796
1790 1795
1790 1757
1790 1887
1790 1730
1790 1902
1790 1592
1790 1911
1790 1910
1790 1912
1790 1641
1790 1916
1790 1866
1790 1552
1790 1704
1790 1643
1790 1625
1790 1482
1790 1708
1790 1613
1790 1855
1790 1628
1790 1847
1790 1722
1790 1720
1790 1822
1790 1843
1790 1768
1790 1457
1790 1748
1790 1749
1790 1851
1790 1745
1790 1761
1790 1766
1790 1719
1790 1764
1790 1700
1797 1653
1797 1483
1797 1480
1797 1649
1797 1606
1797 1890
1797 1519
1797 1837
1797 1618
1797 1835
1797 1730
1797 1503
1797 1500
1797 1504
1797 1465
1797 1563
1797 1528
1797 1698
1797 1477
1797 1684
1797 1902
1797 1866
1797 1912
1797 1437
1797 1647
1797 1705
1797 1764
1797 1603
1797 1426
1797 1847
1797 1439
1797 1533
1797 1532
1797 1525
1797 1665
1797 1538
1797 1458
1797 1539
1797 1765
1796 1887
1796 1480
1796 1630
1796 1632
1796 1752
1796 1815
1796 1711
1796 1757
1796 1745
1796 1498
1796 1552
1796 1727
1796 1847
1796 1648
1796 1809
1796 1767
1796 1579
1796 1768
1796 1685
1796 1688
1796 1760
1796 1761
1796 1766
1796 1459
1796 1764
1795 1722
1795 1723
1795 1887
1795 1560
1795 1898
1795 1720
1795 1909
1795 1907
1795 1585
1795 1890
1795 1738
1795 1714
1795 1851
1795 1719
1795 1732
1795 1613
1795 1737
1795 1757
1795 1562
1795 1564
1795 1843
1795 1567
1795 1700
1795 1741
1795 1579
1795 1833
1795 1800
1795 1465
1795 1866
1795 1911
1795 1859
1795 1912
1795 1916
1795 1552
1795 1704
1795 1625
1795 1801
1795 1594
1795 1708
1795 1558
1795 1707
1795 1847
1795 1820
1795 1809
1795 1822
1795 1555
1795 1768
1795 1748
1795 1727
1795 1763
1795 1746
1795 1570
1560 1558
1560 1809
1560 1459
1560 1712
1560 1741
1560 1731
1560 1719
1560 1737
1560 1685
1560 1562
1560 1564
1560 1567
1560 1700
1560 1859
1560 1594
1560 1493
1560 1572
1560 1702
1560 1552
1560 1555
1560 1801
1560 1707
1560 1709
1560 1722
1560 1820
1560 1720
1560 1822
1560 1579
1560 1748
1560 1749
1560 1727
1560 1744
1560 1666
1560 1746
1560 1479
1560 1580
1560 1570
1493 1761
1493 1483
1493 1486
1493 1895
1493 1906
1493 1907
1493 1503
1493 1859
1493 1637
1493 1428
1493 1502
1493 1443
1493 1522
1493 1563
1493 1461
1493 1751
1493 1477
1493 1663
1493 1668
1493 1684
1493 1552
1493 1520
1493 1495
1493 1592
1493 1498
1493 1501
1493 1885
1493 1912
1493 1437
1493 1516
1493 1698
1493 1656
1493 1628
1493 1821
1493 1681
1493 1457
1493 1533
1493 1451
1493 1452
1493 1727
1493 1665
1493 1664
1493 1458
1493 1459
1493 1765
1495 1483
1495 1922
1495 1907
1495 1443
1495 1696
1495 1618
1495 1637
1495 1730
1495 1613
1495 1502
1495 1503
1495 1501
1495 1520
1495 1522
1495 1562
1495 1727
1495 1461
1495 1751
1495 1451
1495 1859
1495 1668
1495 1663
1495 1498
1495 1700
1495 1664
1495 1552
1495 1656
1495 1809
1495 1680
1495 1457
1495 1477
1495 1452
1495 1453
1495 1688
1495 1665
1495 1516
1495 1458
1495 1459
1495 1479
1800 1723
1800 1809
1800 1909
1800 1833
1800 1714
1800 1562
1800 1738
1800 1688
1800 1859
1800 1760
1800 1552
1800 1555
1800 1801
1800 1843
1800 1722
1800 1820
1800 1720
1800 1822
1800 1579
1800 1748
1800 1744
1800 1763
1800 1746
1800 1570
1800 1719
1498 1558
1498 1592
1498 1604
1498 1920
1498 1482
1498 1922
1498 1486
1498 1815
1498 1837
1498 1664
1498 1426
1498 1616
1498 1617
1498 1585
1498 1502
1498 1503
1498 1500
1498 1696
1498 1520
1498 1522
1498 1465
1498 1563
1498 1461
1498 1451
1498 1751
1498 1572
1498 1859
1498 1533
1498 1453
1498 1477
1498 1668
1498 1479
1498 1730
1498 1866
1498 1552
1498 1501
1498 1912
1498 1483
1498 1656
1498 1437
1498 1698
1498 1637
1498 1648
1498 1809
1498 1767
1498 1708
1498 1579
1498 1457
1498 1680
1498 1532
1498 1452
1498 1428
1498 1835
1498 1688
1498 1665
1498 1516
1498 1458
1498 1459
1498 1765
1555 1628
1555 1625
1555 1564
1555 1570
1555 1908
1555 1709
1555 1858
1555 1712
1555 1688
1555 1714
1555 1616
1555 1719
1555 1685
1555 1562
1555 1656
1555 1700
1555 1741
1555 1833
1555 1594
1555 1552
1555 1666
1555 1883
1555 1738
1555 1516
1555 1567
1555 1801
1555 1727
1555 1707
1555 1722
1555 1723
1555 1822
1555 1731
1555 1579
1555 1748
1555 1687
1555 1558
1555 1744
1555 1572
1555 1746
1555 1479
1555 1580
1555 1765
1700 1704
1700 1628
1700 1558
1700 1722
1700 1613
1700 1887
1700 1719
1700 1909
1700 1907
1700 1890
1700 1426
1700 1731
1700 1428
1700 1767
1700 1854
1700 1696
1700 1833
1700 1757
1700 1685
1700 1562
1700 1564
1700 1567
1700 1855
1700 1741
1700 1579
1700 1712
1700 1680
1700 1861
1700 1684
1700 1709
1700 1866
1700 1911
1700 1859
1700 1912
1700 1916
1700 1643
1700 1552
1700 1705
1700 1801
1700 1594
1700 1843
1700 1727
1700 1707
1700 1847
1700 1723
1700 1720
1700 1822
1700 1708
1700 1768
1700 1748
1700 1477
1700 1851
1700 1744
1700 1572
1700 1666
1700 1570
1700 1580
1700 1764
1700 1765
1702 1718
1702 1877
1702 1872
1702 1897
1702 1890
1702 1739
1702 1710
1702 1715
1702 1851
1702 1732
1702 1854
1702 1855
1702 1737
1702 1650
1702 1858
1702 1861
1702 1863
1702 1889
1702 1887
1702 1883
1702 1704
1702 1706
1702 1708
1702 1579
1702 1749
1702 1743
1552 1628
1552 1558
1552 1661
1552 1855
1552 1911
1552 1709
1552 1898
1552 1567
1552 1643
1552 1909
1552 1907
1552 1489
1552 1890
1552 1858
1552 1712
1552 1731
1552 1902
1552 1580
1552 1757
1552 1562
1552 1563
1552 1564
1552 1685
1552 1751
1552 1687
1552 1833
1552 1851
1552 1730
1552 1889
1552 1572
1552 1859
1552 1912
1552 1738
1552 1916
1552 1437
1552 1570
1552 1533
1552 1801
1552 1843
1552 1727
1552 1707
1552 1722
1552 1720
1552 1681
1552 1579
1552 1768
1552 1457
1552 1748
1552 1749
1552 1452
1552 1617
1552 1744
1552 1763
1552 1665
1552 1761
1552 1719
1552 1594
1552 1765
1704 1718
1704 1613
1704 1877
1704 1922
1704 1872
1704 1909
1704 1895
1704 1897
1704 1890
1704 1713
1704 1833
1704 1710
1704 1902
1704 1719
1704 1732
1704 1854
1704 1737
1704 1696
1704 1757
1704 1650
1704 1564
1704 1752
1704 1858
1704 1572
1704 1579
1704 1859
1704 1851
1704 1684
1704 1861
1704 1594
1704 1863
1704 1889
1704 1763
1704 1887
1704 1912
1704 1883
1704 1665
1704 1916
1704 1643
1704 1641
1704 1625
1704 1706
1704 1708
1704 1855
1704 1628
1704 1648
1704 1822
1704 1911
1704 1843
1704 1768
1704 1748
1704 1749
1704 1739
1704 1617
1704 1898
1704 1666
1704 1907
1704 1767
1704 1743
1705 1821
1705 1480
1705 1857
1705 1890
1705 1519
1705 1815
1705 1837
1705 1618
1705 1835
1705 1730
1705 1696
1705 1503
1705 1500
1705 1443
1705 1504
1705 1465
1705 1653
1705 1563
1705 1753
1705 1698
1705 1851
1705 1477
1705 1822
1705 1889
1705 1866
1705 1911
1705 1684
1705 1524
1705 1528
1705 1426
1705 1847
1705 1439
1705 1533
1705 1532
1705 1428
1705 1525
1705 1665
1705 1458
1705 1539
1705 1538
1706 1732
1706 1877
1706 1872
1706 1897
1706 1890
1706 1713
1706 1710
1706 1715
1706 1851
1706 1852
1706 1718
1706 1854
1706 1855
1706 1650
1706 1739
1706 1858
1706 1861
1706 1889
1706 1887
1706 1708
1706 1749
1706 1898
1706 1743
1707 1570
1707 1723
1707 1898
1707 1720
1707 1909
1707 1907
1707 1739
1707 1712
1707 1427
1707 1714
1707 1731
1707 1580
1707 1855
1707 1737
1707 1562
1707 1564
1707 1719
1707 1861
1707 1594
1707 1709
1707 1912
1707 1883
1707 1647
1707 1708
1707 1727
1707 1722
1707 1820
1707 1809
1707 1822
1707 1843
1707 1579
1707 1685
1707 1558
1707 1744
1707 1763
1707 1567
1707 1765
1708 1718
1708 1625
1708 1613
1708 1877
1708 1922
1708 1872
1708 1909
1708 1907
1708 1897
1708 1890
1708 1713
1708 1833
1708 1710
1708 1887
1708 1715
1708 1426
1708 1902
1708 1732
1708 1854
1708 1648
1708 1852
1708 1650
1708 1858
1708 1564
1708 1572
1708 1739
1708 1741
1708 1859
1708 1851
1708 1730
1708 1861
1708 1594
1708 1863
1708 1889
1708 1763
1708 1641
1708 1883
1708 1916
1708 1664
1708 1801
1708 1843
1708 1558
1708 1855
1708 1628
1708 1722
1708 1820
1708 1822
1708 1911
1708 1579
1708 1748
1708 1749
1708 1617
1708 1898
1708 1761
1708 1458
1708 1767
1708 1743
1558 1718
1558 1723
1558 1909
1558 1855
1558 1720
1558 1898
1558 1486
1558 1895
1558 1907
1558 1890
1558 1833
1558 1710
1558 1837
1558 1714
1558 1731
1558 1851
1558 1580
1558 1732
1558 1737
1558 1664
1558 1757
1558 1685
1558 1562
1558 1564
1558 1698
1558 1567
1558 1572
1558 1579
1558 1859
1558 1889
1558 1866
1558 1912
1558 1883
1558 1746
1558 1916
1558 1643
1558 1625
1558 1801
1558 1709
1558 1628
1558 1722
1558 1820
1558 1809
1558 1822
1558 1843
1558 1768
1558 1748
1558 1749
1558 1727
1558 1744
1558 1763
1558 1665
1558 1761
1558 1719
1558 1594
1558 1570
1821 1888
1821 1480
1821 1898
1821 1486
1821 1895
1821 1857
1821 1763
1821 1802
1821 1632
1821 1837
1821 1835
1821 1428
1821 1718
1821 1818
1821 1819
1821 1503
1821 1500
1821 1501
1821 1521
1821 1753
1821 1751
1821 1684
1821 1630
1821 1805
1821 1865
1821 1866
1821 1910
1821 1885
1821 1912
1821 1880
1821 1807
1821 1437
1821 1434
1821 1761
1821 1847
1821 1592
1821 1831
1821 1457
1821 1533
1821 1532
1821 1452
1821 1666
1821 1665
1821 1664
1821 1458
1821 1764
1821 1765
1820 1720
1820 1909
1820 1712
1820 1714
1820 1719
1820 1737
1820 1833
1820 1562
1820 1567
1820 1738
1820 1863
1820 1763
1820 1859
1820 1883
1820 1741
1820 1801
1820 1722
1820 1809
1820 1822
1820 1843
1820 1768
1820 1748
1820 1727
1820 1572
1820 1746
1820 1459
1822 1628
1822 1625
1822 1723
1822 1482
1822 1922
1822 1480
1822 1898
1822 1737
1822 1719
1822 1909
1822 1907
1822 1890
1822 1712
1822 1837
1822 1714
1822 1731
1822 1902
1822 1718
1822 1855
1822 1745
1822 1648
1822 1757
1822 1562
1822 1727
1822 1564
1822 1752
1822 1698
1822 1567
1822 1859
1822 1572
1822 1579
1822 1833
1822 1730
1822 1889
1822 1763
1822 1911
1822 1738
1822 1916
1822 1643
1822 1866
1822 1741
1822 1801
1822 1722
1822 1720
1822 1767
1822 1843
1822 1768
1822 1748
1822 1617
1822 1744
1822 1851
1822 1746
1822 1761
1822 1809
1822 1580
1822 1594
1822 1570
1579 1649
1579 1761
1579 1855
1579 1887
1579 1922
1579 1685
1579 1809
1579 1909
1579 1907
1579 1902
1579 1570
1579 1712
1579 1711
1579 1710
1579 1714
1579 1731
1579 1851
1579 1737
1579 1858
1579 1520
1579 1801
1579 1757
1579 1562
1579 1727
1579 1564
1579 1428
1579 1751
1579 1567
1579 1572
1579 1434
1579 1613
1579 1833
1579 1859
1579 1684
1579 1730
1579 1647
1579 1889
1579 1698
1579 1580
1579 1738
1579 1563
1579 1625
1579 1643
1579 1709
1579 1628
1579 1722
1579 1648
1579 1720
1579 1843
1579 1768
1579 1748
1579 1749
1579 1744
1579 1763
1579 1479
1579 1719
1579 1594
1579 1765
1698 1426
1698 1847
1698 1866
1698 1745
1698 1920
1698 1461
1698 1908
1698 1682
1698 1833
1698 1688
1698 1837
1698 1637
1698 1851
1698 1852
1698 1767
1698 1613
1698 1538
1698 1696
1698 1503
1698 1500
1698 1443
1698 1563
1698 1428
1698 1751
1698 1687
1698 1730
1698 1764
1698 1592
1698 1684
1698 1912
1698 1437
1698 1434
1698 1656
1698 1458
1698 1628
1698 1722
1698 1681
1698 1680
1698 1457
1698 1533
1698 1532
1698 1452
1698 1668
1698 1666
1698 1665
1698 1664
1698 1663
1698 1459
1698 1661
1698 1765
1668 1483
1668 1427
1668 1637
1668 1852
1668 1745
1668 1502
1668 1520
1668 1522
1668 1824
1668 1653
1668 1727
1668 1461
1668 1751
1668 1451
1668 1501
1668 1684
1668 1479
1668 1709
1668 1457
1668 1477
1668 1452
1668 1453
1668 1572
1668 1516
1668 1458
1668 1459
1666 1592
1666 1613
1666 1920
1666 1887
1666 1908
1666 1907
1666 1902
1666 1564
1666 1682
1666 1833
1666 1837
1666 1503
1666 1730
1666 1857
1666 1696
1666 1525
1666 1500
1666 1520
1666 1685
1666 1749
1666 1563
1666 1752
1666 1751
1666 1858
1666 1572
1666 1687
1666 1663
1666 1851
1666 1684
1666 1465
1666 1688
1666 1911
1666 1912
1666 1501
1666 1916
1666 1437
1666 1428
1666 1625
1666 1801
1666 1656
1666 1426
1666 1847
1666 1648
1666 1720
1666 1439
1666 1681
1666 1680
1666 1457
1666 1533
1666 1532
1666 1452
1666 1451
1666 1744
1666 1745
1666 1665
1666 1664
1666 1458
1666 1767
1666 1661
1666 1765
1665 1837
1665 1835
1665 1461
1665 1664
1665 1663
1665 1661
1665 1920
1665 1482
1665 1480
1665 1486
1665 1859
1665 1857
1665 1520
1665 1656
1665 1437
1665 1727
1665 1637
1665 1847
1665 1439
1665 1533
1665 1532
1665 1730
1665 1538
1665 1908
1665 1426
1665 1731
1665 1428
1665 1503
1665 1500
1665 1592
1665 1912
1665 1916
1665 1625
1665 1628
1665 1457
1665 1749
1665 1453
1665 1744
1665 1745
1665 1516
1665 1458
1665 1898
1665 1613
1665 1696
1665 1443
1665 1757
1665 1562
1665 1563
1665 1751
1665 1684
1665 1887
1665 1866
1665 1681
1665 1680
1665 1768
1665 1682
1665 1477
1665 1687
1665 1688
1665 1761
1665 1767
1665 1765
1664 1663
1664 1482
1664 1649
1664 1592
1664 1920
1664 1887
1664 1922
1664 1480
1664 1486
1664 1908
1664 1907
1664 1585
1664 1890
1664 1682
1664 1696
1664 1688
1664 1837
1664 1835
1664 1616
1664 1730
1664 1719
1664 1613
1664 1857
1664 1502
1664 1503
1664 1520
1664 1465
1664 1563
1664 1751
1664 1572
1664 1687
1664 1851
1664 1477
1664 1684
1664 1919
1664 1902
1664 1745
1664 1501
1664 1912
1664 1437
1664 1434
1664 1656
1664 1641
1664 1533
1664 1625
1664 1594
1664 1461
1664 1426
1664 1606
1664 1681
1664 1843
1664 1457
1664 1680
1664 1532
1664 1452
1664 1428
1664 1516
1664 1458
1664 1661
1664 1765
1663 1920
1663 1908
1663 1907
1663 1902
1663 1682
1663 1688
1663 1616
1663 1613
1663 1696
1663 1503
1663 1912
1663 1760
1663 1483
1663 1516
1663 1641
1663 1656
1663 1604
1663 1606
1663 1681
1663 1680
1663 1457
1663 1684
1663 1687
1663 1451
1663 1745
1663 1661
1663 1765
1661 1920
1661 1908
1661 1902
1661 1696
1661 1562
1661 1656
1661 1688
1661 1913
1661 1912
1661 1628
1661 1681
1661 1680
1661 1682
1661 1684
1661 1687
1661 1745
1661 1459
1661 1765
1920 1887
1920 1922
1920 1898
1920 1908
1920 1688
1920 1837
1920 1618
1920 1617
1920 1718
1920 1696
1920 1757
1920 1753
1920 1861
1920 1763
1920 1889
1920 1745
1920 1912
1920 1916
1920 1761
1920 1641
1920 1625
1920 1656
1920 1628
1920 1722
1920 1648
1920 1681
1920 1680
1920 1768
1920 1684
1920 1687
1920 1851
1920 1765
1482 1483
1482 1480
1482 1486
1482 1489
1482 1439
1482 1630
1482 1837
1482 1427
1482 1426
1482 1429
1482 1730
1482 1585
1482 1502
1482 1503
1482 1500
1482 1578
1482 1443
1482 1441
1482 1465
1482 1520
1482 1563
1482 1656
1482 1428
1482 1751
1482 1750
1482 1851
1482 1592
1482 1885
1482 1912
1482 1916
1482 1437
1482 1435
1482 1431
1482 1824
1482 1847
1482 1471
1482 1533
1482 1477
1482 1452
1482 1475
1482 1688
1482 1458
1482 1765
1922 1718
1922 1604
1922 1911
1922 1898
1922 1906
1922 1907
1922 1606
1922 1890
1922 1858
1922 1859
1922 1887
1922 1616
1922 1902
1922 1719
1922 1732
1922 1613
1922 1749
1922 1757
1922 1564
1922 1477
1922 1851
1922 1861
1922 1889
1922 1641
1922 1913
1922 1912
1922 1917
1922 1916
1922 1919
1922 1647
1922 1761
1922 1643
1922 1625
1922 1603
1922 1628
1922 1649
1922 1648
1922 1768
1922 1451
1922 1452
1922 1617
1922 1458
1922 1852
1922 1765
1480 1426
1480 1592
1480 1483
1480 1486
1480 1895
1480 1489
1480 1585
1480 1630
1480 1632
1480 1837
1480 1427
1480 1835
1480 1429
1480 1730
1480 1719
1480 1857
1480 1503
1480 1578
1480 1443
1480 1824
1480 1757
1480 1520
1480 1563
1480 1753
1480 1428
1480 1751
1480 1750
1480 1465
1480 1866
1480 1501
1480 1885
1480 1684
1480 1439
1480 1437
1480 1434
1480 1435
1480 1431
1480 1656
1480 1457
1480 1471
1480 1477
1480 1475
1480 1458
1480 1765
1486 1722
1486 1489
1486 1837
1486 1427
1486 1835
1486 1429
1486 1617
1486 1585
1486 1503
1486 1457
1486 1443
1486 1441
1486 1824
1486 1465
1486 1748
1486 1563
1486 1656
1486 1428
1486 1751
1486 1750
1486 1471
1486 1592
1486 1684
1486 1437
1486 1434
1486 1435
1486 1431
1486 1426
1486 1439
1486 1578
1486 1533
1486 1477
1486 1452
1486 1475
1486 1458
1486 1765
1709 1852
1709 1909
1709 1833
1709 1427
1709 1650
1709 1731
1709 1428
1709 1732
1709 1737
1709 1443
1709 1562
1709 1564
1709 1567
1709 1712
1709 1594
1709 1572
1709 1738
1709 1727
1709 1722
1709 1720
1709 1741
1709 1451
1709 1744
1709 1745
1709 1746
1709 1570
1709 1580
1489 1837
1489 1427
1489 1426
1489 1429
1489 1428
1489 1585
1489 1500
1489 1578
1489 1443
1489 1441
1489 1465
1489 1563
1489 1435
1489 1592
1489 1501
1489 1437
1489 1434
1489 1431
1489 1824
1489 1457
1489 1439
1489 1471
1489 1533
1489 1452
1489 1475
1713 1877
1713 1872
1713 1897
1713 1890
1713 1739
1713 1859
1713 1710
1713 1851
1713 1719
1713 1718
1713 1854
1713 1855
1713 1650
1713 1858
1713 1861
1713 1863
1713 1889
1713 1887
1713 1883
1713 1720
1713 1685
1713 1749
1713 1744
1713 1898
1713 1743
1712 1723
1712 1898
1712 1858
1712 1859
1712 1714
1712 1731
1712 1580
1712 1443
1712 1562
1712 1564
1712 1567
1712 1833
1712 1594
1712 1572
1712 1801
1712 1722
1712 1685
1712 1727
1712 1744
1712 1763
1712 1746
1712 1570
1712 1741
1711 1859
1711 1890
1711 1465
1711 1757
1711 1753
1711 1752
1711 1738
1711 1910
1711 1680
1711 1603
1711 1768
1711 1687
1711 1745
1711 1761
1711 1766
1711 1767
1711 1764
1710 1718
1710 1613
1710 1877
1710 1898
1710 1909
1710 1897
1710 1890
1710 1851
1710 1719
1710 1732
1710 1854
1710 1855
1710 1650
1710 1739
1710 1858
1710 1861
1710 1594
1710 1863
1710 1902
1710 1887
1710 1883
1710 1916
1710 1628
1710 1911
1710 1843
1710 1761
1710 1743
1715 1732
1715 1877
1715 1872
1715 1897
1715 1890
1715 1739
1715 1851
1715 1718
1715 1854
1715 1855
1715 1650
1715 1858
1715 1861
1715 1889
1715 1887
1715 1883
1715 1749
1715 1898
1715 1743
1714 1723
1714 1483
1714 1720
1714 1909
1714 1741
1714 1731
1714 1719
1714 1737
1714 1562
1714 1564
1714 1752
1714 1567
1714 1833
1714 1594
1714 1859
1714 1738
1714 1656
1714 1801
1714 1843
1714 1722
1714 1809
1714 1748
1714 1727
1714 1744
1714 1763
1714 1746
1714 1580
1851 1718
1851 1767
1851 1722
1851 1866
1851 1613
1851 1872
1851 1719
1851 1909
1851 1907
1851 1898
1851 1439
1851 1890
1851 1833
1851 1902
1851 1580
1851 1732
1851 1854
1851 1855
1851 1443
1851 1656
1851 1749
1851 1757
1851 1801
1851 1650
1851 1858
1851 1564
1851 1843
1851 1739
1851 1859
1851 1434
1851 1861
1851 1594
1851 1863
1851 1730
1851 1889
1851 1763
1851 1887
1851 1912
1851 1883
1851 1427
1851 1916
1851 1643
1851 1877
1851 1628
1851 1897
1851 1648
1851 1911
1851 1617
1851 1457
1851 1748
1851 1532
1851 1428
1851 1852
1851 1743
1719 1570
1719 1613
1719 1887
1719 1720
1719 1909
1719 1895
1719 1890
1719 1833
1719 1837
1719 1731
1719 1732
1719 1854
1719 1737
1719 1696
1719 1648
1719 1443
1719 1685
1719 1858
1719 1564
1719 1752
1719 1751
1719 1749
1719 1572
1719 1741
1719 1859
1719 1861
1719 1594
1719 1889
1719 1866
1719 1911
1719 1885
1719 1916
1719 1643
1719 1625
1719 1801
1719 1843
1719 1809
1719 1768
1719 1748
1719 1532
1719 1727
1719 1763
1719 1746
1719 1767
1718 1889
1718 1613
1718 1877
1718 1872
1718 1907
1718 1897
1718 1890
1718 1833
1718 1732
1718 1855
1718 1757
1718 1650
1718 1858
1718 1564
1718 1739
1718 1861
1718 1863
1718 1902
1718 1887
1718 1641
1718 1883
1718 1916
1718 1643
1718 1625
1718 1628
1718 1648
1718 1911
1718 1843
1718 1768
1718 1457
1718 1749
1718 1617
1718 1744
1718 1898
1718 1761
1718 1743
1854 1877
1854 1872
1854 1897
1854 1890
1854 1833
1854 1732
1854 1855
1854 1650
1854 1739
1854 1858
1854 1861
1854 1889
1854 1572
1854 1887
1854 1883
1854 1801
1854 1748
1854 1749
1854 1744
1854 1898
1854 1570
1854 1580
1854 1743
1855 1732
1855 1889
1855 1739
1855 1877
1855 1872
1855 1909
1855 1907
1855 1897
1855 1890
1855 1833
1855 1613
1855 1656
1855 1767
1855 1650
1855 1858
1855 1564
1855 1859
1855 1730
1855 1861
1855 1594
1855 1863
1855 1902
1855 1572
1855 1887
1855 1641
1855 1883
1855 1916
1855 1625
1855 1628
1855 1722
1855 1720
1855 1911
1855 1843
1855 1457
1855 1748
1855 1749
1855 1617
1855 1898
1855 1761
1855 1852
1855 1743
1857 1895
1857 1802
1857 1632
1857 1831
1857 1835
1857 1730
1857 1818
1857 1819
1857 1696
1857 1503
1857 1500
1857 1443
1857 1521
1857 1465
1857 1753
1857 1751
1857 1630
1857 1865
1857 1572
1857 1910
1857 1885
1857 1880
1857 1437
1857 1434
1857 1803
1857 1625
1857 1866
1857 1847
1857 1601
1857 1684
1857 1428
1857 1458
1857 1765
1524 1815
1524 1618
1524 1503
1524 1730
1524 1525
1524 1500
1524 1533
1524 1504
1524 1653
1524 1519
1524 1538
1524 1528
1524 1539
1524 1837
1525 1815
1525 1837
1525 1618
1525 1730
1525 1613
1525 1503
1525 1500
1525 1504
1525 1653
1525 1528
1525 1647
1525 1625
1525 1649
1525 1533
1525 1532
1525 1538
1520 1483
1520 1908
1520 1895
1520 1688
1520 1637
1520 1730
1520 1613
1520 1585
1520 1502
1520 1500
1520 1443
1520 1522
1520 1563
1520 1656
1520 1428
1520 1751
1520 1687
1520 1479
1520 1745
1520 1501
1520 1451
1520 1437
1520 1516
1520 1625
1520 1843
1520 1835
1520 1426
1520 1648
1520 1680
1520 1768
1520 1457
1520 1477
1520 1452
1520 1458
1520 1459
1520 1765
1521 1866
1521 1895
1521 1632
1521 1831
1521 1835
1521 1852
1521 1818
1521 1819
1521 1503
1521 1630
1521 1865
1521 1888
1521 1910
1521 1885
1521 1880
1521 1807
1521 1803
1521 1802
1521 1601
1521 1847
1521 1532
1522 1483
1522 1637
1522 1616
1522 1502
1522 1501
1522 1461
1522 1751
1522 1451
1522 1479
1522 1603
1522 1457
1522 1477
1522 1452
1522 1453
1522 1516
1522 1458
1522 1459
1522 1765
1653 1908
1653 1815
1653 1837
1653 1618
1653 1730
1653 1852
1653 1503
1653 1500
1653 1504
1653 1519
1653 1528
1653 1451
1653 1745
1653 1801
1653 1606
1653 1681
1653 1533
1653 1532
1653 1539
1653 1765
1650 1877
1650 1872
1650 1897
1650 1890
1650 1732
1650 1443
1650 1858
1650 1739
1650 1861
1650 1863
1650 1889
1650 1887
1650 1641
1650 1883
1650 1427
1650 1749
1650 1898
1650 1746
1650 1743
1656 1649
1656 1592
1656 1761
1656 1613
1656 1908
1656 1895
1656 1443
1656 1890
1656 1748
1656 1766
1656 1688
1656 1837
1656 1852
1656 1585
1656 1696
1656 1500
1656 1465
1656 1757
1656 1752
1656 1687
1656 1477
1656 1730
1656 1745
1656 1684
1656 1451
1656 1572
1656 1483
1656 1866
1656 1516
1656 1625
1656 1594
1656 1458
1656 1628
1656 1722
1656 1426
1656 1617
1656 1457
1656 1680
1656 1749
1656 1452
1656 1428
1656 1765
1749 1890
1749 1732
1749 1866
1749 1877
1749 1872
1749 1907
1749 1898
1749 1897
1749 1902
1749 1426
1749 1757
1749 1801
1749 1858
1749 1613
1749 1861
1749 1594
1749 1863
1749 1688
1749 1889
1749 1763
1749 1887
1749 1641
1749 1883
1749 1437
1749 1643
1749 1628
1749 1648
1749 1617
1749 1439
1749 1843
1749 1768
1749 1477
1749 1564
1749 1761
1749 1743
1630 1888
1630 1895
1630 1632
1630 1818
1630 1757
1630 1866
1630 1910
1630 1885
1630 1880
1630 1807
1630 1805
1630 1802
1630 1601
1630 1847
1630 1475
1833 1723
1833 1843
1833 1887
1833 1898
1833 1908
1833 1909
1833 1902
1833 1731
1833 1737
1833 1572
1833 1757
1833 1562
1833 1727
1833 1564
1833 1752
1833 1751
1833 1567
1833 1741
1833 1613
1833 1859
1833 1746
1833 1594
1833 1763
1833 1911
1833 1912
1833 1738
1833 1916
1833 1625
1833 1801
1833 1628
1833 1722
1833 1809
1833 1617
1833 1768
1833 1457
1833 1748
1833 1744
1833 1761
1833 1764
1833 1570
1831 1632
1831 1802
1831 1835
1831 1601
1831 1818
1831 1888
1831 1819
1831 1895
1831 1865
1831 1910
1831 1803
1831 1885
1831 1880
1805 1807
1805 1601
1805 1818
1805 1866
1805 1819
1805 1895
1805 1865
1805 1888
1805 1910
1805 1885
1805 1767
1805 1880
1837 1847
1837 1564
1837 1604
1837 1908
1837 1585
1837 1519
1837 1815
1837 1618
1837 1503
1837 1617
1837 1766
1837 1500
1837 1443
1837 1504
1837 1465
1837 1751
1837 1477
1837 1528
1837 1681
1837 1647
1837 1763
1837 1730
1837 1684
1837 1912
1837 1916
1837 1437
1837 1434
1837 1761
1837 1594
1837 1866
1837 1649
1837 1835
1837 1426
1837 1592
1837 1911
1837 1439
1837 1457
1837 1533
1837 1532
1837 1452
1837 1428
1837 1458
1837 1767
1837 1539
1837 1765
1437 1426
1437 1443
1437 1483
1437 1585
1437 1890
1437 1465
1437 1688
1437 1427
1437 1637
1437 1429
1437 1428
1437 1613
1437 1696
1437 1503
1437 1592
1437 1471
1437 1441
1437 1757
1437 1563
1437 1751
1437 1750
1437 1477
1437 1866
1437 1501
1437 1885
1437 1912
1437 1434
1437 1684
1437 1431
1437 1824
1437 1435
1437 1457
1437 1439
1437 1911
1437 1578
1437 1533
1437 1532
1437 1452
1437 1475
1437 1458
1437 1764
1647 1604
1647 1906
1647 1907
1647 1902
1647 1618
1647 1616
1647 1617
1647 1852
1647 1613
1647 1500
1647 1919
1647 1911
1647 1913
1647 1912
1647 1917
1647 1916
1647 1609
1647 1641
1647 1643
1647 1625
1647 1603
1647 1628
1647 1649
1647 1648
1647 1606
1647 1680
1647 1532
1647 1688
1435 1427
1435 1426
1435 1429
1435 1428
1435 1585
1435 1578
1435 1443
1435 1441
1435 1465
1435 1563
1435 1750
1435 1592
1435 1434
1435 1431
1435 1824
1435 1439
1435 1471
1435 1475
1641 1887
1641 1898
1641 1909
1641 1906
1641 1907
1641 1890
1641 1859
1641 1616
1641 1902
1641 1852
1641 1757
1641 1563
1641 1752
1641 1684
1641 1861
1641 1594
1641 1889
1641 1911
1641 1913
1641 1917
1641 1916
1641 1919
1641 1643
1641 1625
1641 1613
1641 1603
1641 1628
1641 1649
1641 1648
1641 1606
1641 1604
1641 1768
1641 1617
1641 1763
1641 1764
1641 1765
1643 1889
1643 1761
1643 1613
1643 1887
1643 1898
1643 1906
1643 1907
1643 1606
1643 1890
1643 1858
1643 1616
1643 1696
1643 1564
1643 1684
1643 1609
1643 1861
1643 1902
1643 1911
1643 1913
1643 1917
1643 1916
1643 1919
1643 1625
1643 1852
1643 1843
1643 1603
1643 1628
1643 1649
1643 1648
1643 1768
1643 1748
1643 1617
1643 1604
1431 1427
1431 1426
1431 1429
1431 1428
1431 1585
1431 1578
1431 1443
1431 1441
1431 1465
1431 1563
1431 1750
1431 1592
1431 1434
1431 1824
1431 1439
1431 1471
1431 1475
1843 1628
1843 1767
1843 1625
1843 1887
1843 1898
1843 1720
1843 1909
1843 1907
1843 1902
1843 1858
1843 1731
1843 1737
1843 1745
1843 1648
1843 1757
1843 1567
1843 1727
1843 1564
1843 1572
1843 1741
1843 1738
1843 1912
1843 1861
1843 1594
1843 1889
1843 1866
1843 1911
1843 1859
1843 1580
1843 1916
1843 1434
1843 1801
1843 1722
1843 1809
1843 1768
1843 1748
1843 1617
1843 1744
1843 1763
1843 1746
1843 1458
1843 1570
1727 1570
1727 1723
1727 1898
1727 1909
1727 1731
1727 1737
1727 1562
1727 1564
1727 1685
1727 1741
1727 1594
1727 1572
1727 1859
1727 1580
1727 1501
1727 1738
1727 1916
1727 1567
1727 1720
1727 1748
1727 1744
1727 1763
1727 1479
1727 1765
1835 1847
1835 1866
1835 1688
1835 1895
1835 1907
1835 1748
1835 1632
1835 1818
1835 1819
1835 1696
1835 1503
1835 1500
1835 1465
1835 1751
1835 1684
1835 1443
1835 1807
1835 1865
1835 1888
1835 1910
1835 1885
1835 1802
1835 1763
1835 1434
1835 1803
1835 1601
1835 1592
1835 1585
1835 1533
1835 1532
1835 1572
1835 1765
1722 1628
1722 1564
1722 1570
1722 1723
1722 1887
1722 1720
1722 1909
1722 1907
1722 1890
1722 1685
1722 1567
1722 1737
1722 1594
1722 1911
1722 1859
1722 1912
1722 1738
1722 1801
1722 1617
1722 1748
1722 1763
1722 1746
1722 1761
1722 1809
1722 1741
1722 1764
1722 1765
1723 1720
1723 1909
1723 1859
1723 1731
1723 1737
1723 1757
1723 1594
1723 1801
1723 1809
1723 1748
1723 1744
1723 1763
1723 1746
1723 1741
1720 1909
1720 1890
1720 1738
1720 1731
1720 1737
1720 1503
1720 1648
1720 1685
1720 1563
1720 1564
1720 1741
1720 1613
1720 1859
1720 1889
1720 1763
1720 1912
1720 1801
1720 1809
1720 1768
1720 1748
1720 1746
1720 1570
1720 1594
1439 1866
1439 1585
1439 1890
1439 1802
1439 1427
1439 1426
1439 1429
1439 1503
1439 1500
1439 1471
1439 1443
1439 1441
1439 1465
1439 1563
1439 1428
1439 1750
1439 1475
1439 1594
1439 1592
1439 1501
1439 1912
1439 1477
1439 1880
1439 1434
1439 1824
1439 1847
1439 1578
1439 1533
1439 1532
1439 1730
1731 1483
1731 1737
1731 1685
1731 1562
1731 1564
1731 1567
1731 1741
1731 1572
1731 1859
1731 1580
1731 1746
1731 1801
1731 1748
1731 1744
1731 1763
1731 1516
1731 1594
1731 1570
1533 1502
1533 1625
1533 1847
1533 1866
1533 1895
1533 1585
1533 1503
1533 1688
1533 1618
1533 1730
1533 1500
1533 1443
1533 1504
1533 1465
1533 1538
1533 1563
1533 1684
1533 1815
1533 1501
1533 1885
1533 1912
1533 1434
1533 1801
1533 1528
1533 1426
1533 1592
1533 1457
1533 1519
1533 1532
1533 1428
1533 1458
1533 1539
1533 1765
1532 1847
1532 1866
1532 1895
1532 1907
1532 1585
1532 1890
1532 1503
1532 1815
1532 1618
1532 1500
1532 1443
1532 1504
1532 1465
1532 1538
1532 1528
1532 1751
1532 1477
1532 1452
1532 1434
1532 1902
1532 1501
1532 1885
1532 1912
1532 1684
1532 1628
1532 1457
1532 1519
1532 1730
1532 1458
1532 1767
1532 1539
1532 1765
1730 1628
1730 1625
1730 1519
1730 1866
1730 1909
1730 1906
1730 1748
1730 1902
1730 1503
1730 1502
1730 1618
1730 1637
1730 1852
1730 1732
1730 1500
1730 1696
1730 1504
1730 1564
1730 1757
1730 1538
1730 1563
1730 1572
1730 1443
1730 1815
1730 1764
1730 1465
1730 1684
1730 1885
1730 1912
1730 1477
1730 1680
1730 1434
1730 1801
1730 1594
1730 1528
1730 1426
1730 1847
1730 1592
1730 1617
1730 1428
1730 1458
1730 1539
1730 1765
1539 1815
1539 1618
1539 1528
1539 1503
1539 1500
1539 1504
1539 1538
1539 1519
1538 1815
1538 1618
1538 1503
1538 1500
1538 1504
1538 1519
1538 1528
1538 1688
1570 1737
1570 1685
1570 1562
1570 1564
1570 1594
1570 1859
1570 1748
1570 1744
1570 1572
1570 1580
1877 1732
1877 1739
1877 1872
1877 1897
1877 1890
1877 1567
1877 1858
1877 1861
1877 1863
1877 1889
1877 1887
1877 1883
1877 1562
1877 1898
1877 1743
1872 1898
1872 1897
1872 1890
1872 1858
1872 1739
1872 1861
1872 1863
1872 1889
1872 1887
1872 1883
1872 1685
1872 1743
1908 1745
1908 1909
1908 1907
1908 1753
1908 1618
1908 1616
1908 1613
1908 1461
1908 1696
1908 1503
1908 1687
1908 1815
1908 1688
1908 1913
1908 1912
1908 1763
1908 1761
1908 1625
1908 1628
1908 1649
1908 1648
1908 1681
1908 1680
1908 1457
1908 1684
1908 1452
1908 1765
1909 1887
1909 1898
1909 1809
1909 1890
1909 1767
1909 1737
1909 1503
1909 1757
1909 1685
1909 1564
1909 1752
1909 1751
1909 1741
1909 1613
1909 1738
1909 1859
1909 1594
1909 1902
1909 1617
1909 1746
1909 1916
1909 1625
1909 1801
1909 1768
1909 1748
1909 1684
1909 1763
1906 1604
1906 1907
1906 1902
1906 1616
1906 1617
1906 1852
1906 1613
1906 1919
1906 1911
1906 1913
1906 1917
1906 1916
1906 1609
1906 1625
1906 1603
1906 1628
1906 1649
1906 1648
1906 1606
1906 1457
1907 1732
1907 1889
1907 1604
1907 1649
1907 1761
1907 1887
1907 1898
1907 1748
1907 1628
1907 1890
1907 1858
1907 1688
1907 1616
1907 1852
1907 1606
1907 1757
1907 1564
1907 1572
1907 1613
1907 1767
1907 1861
1907 1902
1907 1866
1907 1911
1907 1913
1907 1912
1907 1917
1907 1916
1907 1919
1907 1625
1907 1603
1907 1637
1907 1648
1907 1768
1907 1763
1907 1680
1907 1687
1907 1617
1907 1580
1907 1765
1902 1732
1902 1604
1902 1649
1902 1761
1902 1637
1902 1628
1902 1890
1902 1606
1902 1887
1902 1616
1902 1696
1902 1564
1902 1757
1902 1748
1902 1859
1902 1764
1902 1861
1902 1594
1902 1688
1902 1889
1902 1763
1902 1911
1902 1913
1902 1477
1902 1917
1902 1916
1902 1919
1902 1625
1902 1613
1902 1603
1902 1426
1902 1847
1902 1648
1902 1768
1902 1682
1902 1680
1902 1617
1902 1852
1902 1765
1682 1427
1682 1696
1682 1752
1682 1688
1682 1912
1682 1916
1682 1606
1682 1681
1682 1680
1682 1684
1682 1687
1682 1745
1682 1765
1739 1897
1739 1890
1739 1858
1739 1861
1739 1889
1739 1887
1739 1883
1739 1898
1739 1743
1738 1809
1738 1737
1738 1562
1738 1859
1738 1594
1738 1801
1738 1768
1738 1748
1738 1744
1738 1763
1738 1746
1738 1741
1632 1847
1632 1888
1632 1895
1632 1819
1632 1757
1632 1866
1632 1910
1632 1885
1632 1880
1632 1807
1632 1434
1632 1802
1632 1601
1427 1426
1427 1429
1427 1428
1427 1852
1427 1585
1427 1578
1427 1443
1427 1441
1427 1824
1427 1465
1427 1563
1427 1751
1427 1750
1427 1475
1427 1592
1427 1434
1427 1471
1427 1451
1427 1745
1427 1479
1637 1483
1637 1613
1637 1502
1637 1501
1637 1443
1637 1563
1637 1461
1637 1751
1637 1477
1637 1453
1637 1516
1637 1606
1637 1457
1637 1451
1637 1452
1637 1744
1637 1479
1637 1458
1637 1459
1429 1426
1429 1428
1429 1585
1429 1471
1429 1443
1429 1441
1429 1465
1429 1563
1429 1750
1429 1592
1429 1434
1429 1578
1429 1451
1429 1475
1428 1847
1428 1483
1428 1426
1428 1696
1428 1500
1428 1441
1428 1824
1428 1465
1428 1443
1428 1563
1428 1751
1428 1475
1428 1592
1428 1501
1428 1912
1428 1434
1428 1457
1428 1585
1428 1578
1428 1477
1428 1458
1580 1685
1580 1562
1580 1564
1580 1567
1580 1594
1580 1912
1580 1748
1580 1744
1580 1572
1580 1516
1580 1765
1732 1890
1732 1613
1732 1898
1732 1897
1732 1858
1732 1757
1732 1861
1732 1594
1732 1863
1732 1889
1732 1866
1732 1887
1732 1883
1732 1916
1732 1628
1732 1809
1732 1741
1732 1911
1732 1768
1732 1748
1732 1684
1732 1761
1732 1743
1737 1809
1737 1685
1737 1564
1737 1751
1737 1567
1737 1594
1737 1572
1737 1859
1737 1741
1737 1801
1737 1748
1737 1744
1737 1763
1737 1746
1585 1426
1585 1866
1585 1483
1585 1898
1585 1887
1585 1502
1585 1503
1585 1471
1585 1441
1585 1465
1585 1443
1585 1563
1585 1751
1585 1750
1585 1477
1585 1592
1585 1910
1585 1684
1585 1434
1585 1824
1585 1457
1585 1768
1585 1578
1585 1475
1585 1763
1585 1458
1585 1765
1502 1483
1502 1443
1502 1887
1502 1696
1502 1461
1502 1751
1502 1477
1502 1453
1502 1501
1502 1516
1502 1434
1502 1479
1502 1649
1502 1457
1502 1451
1502 1452
1502 1458
1502 1459
1502 1765
1503 1458
1503 1847
1503 1866
1503 1895
1503 1890
1503 1815
1503 1618
1503 1500
1503 1501
1503 1443
1503 1606
1503 1563
1503 1461
1503 1751
1503 1687
1503 1592
1503 1912
1503 1917
1503 1916
1503 1684
1503 1594
1503 1528
1503 1604
1503 1457
1503 1452
1503 1765
1500 1847
1500 1649
1500 1895
1500 1815
1500 1887
1500 1618
1500 1504
1500 1563
1500 1477
1500 1434
1500 1519
1500 1866
1500 1885
1500 1912
1500 1528
1500 1452
1501 1890
1501 1696
1501 1757
1501 1443
1501 1563
1501 1461
1501 1751
1501 1453
1501 1477
1501 1592
1501 1684
1501 1885
1501 1516
1501 1434
1501 1594
1501 1426
1501 1457
1501 1451
1501 1452
1501 1479
1501 1458
1501 1459
1501 1765
1504 1519
1504 1815
1504 1618
1504 1528
1504 1681
1767 1911
1767 1572
1767 1887
1767 1895
1767 1564
1767 1757
1767 1753
1767 1752
1767 1859
1767 1889
1767 1592
1767 1916
1767 1866
1767 1801
1767 1613
1767 1628
1767 1809
1767 1768
1767 1748
1767 1617
1767 1761
1767 1766
1767 1764
1609 1617
1609 1852
1609 1606
1609 1911
1609 1917
1572 1866
1572 1761
1572 1564
1572 1890
1572 1887
1572 1757
1572 1685
1572 1562
1572 1751
1572 1567
1572 1613
1572 1859
1572 1861
1572 1763
1572 1885
1572 1912
1572 1916
1572 1801
1572 1594
1572 1628
1572 1847
1572 1809
1572 1768
1572 1748
1572 1687
1572 1744
1613 1604
1613 1592
1613 1801
1613 1887
1613 1443
1613 1618
1613 1616
1613 1757
1613 1563
1613 1752
1613 1859
1613 1761
1613 1919
1613 1594
1613 1889
1613 1763
1613 1911
1613 1913
1613 1912
1613 1917
1613 1916
1613 1516
1613 1625
1613 1852
1613 1458
1613 1603
1613 1628
1613 1649
1613 1648
1613 1606
1613 1617
1613 1457
1613 1451
1613 1453
1434 1475
1434 1847
1434 1443
1434 1895
1434 1696
1434 1563
1434 1751
1434 1750
1434 1477
1434 1684
1434 1592
1434 1885
1434 1912
1434 1426
1434 1578
1434 1688
1434 1765
1861 1890
1861 1852
1861 1897
1861 1757
1861 1858
1861 1465
1861 1889
1861 1887
1861 1684
1861 1883
1861 1916
1861 1764
1861 1628
1861 1648
1861 1911
1861 1748
1861 1617
1861 1744
1861 1898
1861 1761
1861 1594
1861 1743
1465 1592
1465 1477
1465 1696
1465 1471
1465 1443
1465 1563
1465 1751
1465 1750
1465 1475
1465 1866
1465 1885
1465 1824
1465 1457
1465 1426
1465 1578
1465 1452
1465 1458
1863 1897
1863 1890
1863 1852
1863 1858
1863 1889
1863 1887
1863 1883
1863 1898
1863 1743
1865 1807
1865 1601
1865 1818
1865 1866
1865 1819
1865 1888
1865 1895
1865 1880
1592 1628
1592 1475
1592 1847
1592 1457
1592 1471
1592 1443
1592 1441
1592 1563
1592 1751
1592 1750
1592 1477
1592 1594
1592 1866
1592 1912
1592 1916
1592 1684
1592 1824
1592 1426
1592 1578
1592 1451
1592 1452
1592 1458
1592 1765
1911 1919
1911 1625
1911 1847
1911 1898
1911 1649
1911 1606
1911 1616
1911 1564
1911 1752
1911 1859
1911 1890
1911 1594
1911 1889
1911 1688
1911 1887
1911 1913
1911 1917
1911 1916
1911 1852
1911 1603
1911 1628
1911 1648
1911 1768
1911 1617
1911 1604
1911 1764
1910 1802
1910 1601
1910 1847
1910 1819
1910 1768
1910 1888
1910 1866
1910 1895
1910 1885
1913 1604
1913 1616
1913 1617
1913 1852
1913 1919
1913 1917
1913 1916
1913 1625
1913 1764
1913 1603
1913 1628
1913 1649
1913 1648
1913 1606
1913 1680
1913 1457
1913 1477
1913 1687
1913 1453
1913 1479
1913 1458
1913 1765
1912 1745
1912 1898
1912 1890
1912 1477
1912 1688
1912 1426
1912 1696
1912 1458
1912 1564
1912 1858
1912 1685
1912 1751
1912 1764
1912 1684
1912 1916
1912 1625
1912 1681
1912 1680
1912 1768
1912 1457
1912 1451
1912 1744
1912 1852
1912 1765
1917 1604
1917 1616
1917 1617
1917 1852
1917 1696
1917 1752
1917 1919
1917 1916
1917 1625
1917 1603
1917 1649
1917 1648
1917 1606
1916 1890
1916 1625
1916 1898
1916 1606
1916 1858
1916 1887
1916 1616
1916 1757
1916 1564
1916 1859
1916 1594
1916 1889
1916 1919
1916 1801
1916 1852
1916 1603
1916 1628
1916 1649
1916 1648
1916 1617
1916 1748
1916 1604
1916 1765
1483 1426
1483 1688
1483 1563
1483 1751
1483 1687
1483 1477
1483 1594
1483 1866
1483 1516
1483 1453
1483 1801
1483 1461
1483 1457
1483 1451
1483 1452
1483 1458
1483 1479
1483 1459
1483 1765
1684 1625
1684 1847
1684 1866
1684 1745
1684 1680
1684 1688
1684 1616
1684 1696
1684 1443
1684 1563
1684 1887
1684 1885
1684 1761
1684 1426
1684 1604
1684 1617
1684 1681
1684 1457
1684 1687
1684 1765
1625 1890
1625 1604
1625 1564
1625 1761
1625 1887
1625 1898
1625 1606
1625 1748
1625 1680
1625 1616
1625 1757
1625 1751
1625 1919
1625 1594
1625 1889
1625 1852
1625 1603
1625 1628
1625 1649
1625 1648
1625 1768
1625 1457
1625 1617
1625 1764
1461 1628
1461 1443
1461 1751
1461 1451
1461 1453
1461 1516
1461 1479
1461 1809
1461 1680
1461 1457
1461 1477
1461 1452
1461 1458
1461 1459
1628 1890
1628 1604
1628 1649
1628 1564
1628 1761
1628 1606
1628 1858
1628 1887
1628 1680
1628 1616
1628 1852
1628 1757
1628 1753
1628 1859
1628 1594
1628 1889
1628 1919
1628 1603
1628 1648
1628 1617
1628 1768
1628 1687
1628 1516
1628 1458
1457 1649
1457 1761
1457 1458
1457 1453
1457 1688
1457 1516
1457 1443
1457 1563
1457 1751
1457 1696
1457 1477
1457 1479
1457 1889
1457 1426
1457 1680
1457 1471
1457 1451
1457 1452
1457 1459
1457 1764
1457 1765
1748 1564
1748 1898
1748 1801
1748 1741
1748 1859
1748 1594
1748 1889
1748 1866
1748 1746
1748 1809
1748 1768
1748 1685
1748 1763
1451 1443
1451 1617
1451 1751
1451 1453
1451 1458
1451 1606
1451 1768
1451 1477
1451 1452
1451 1516
1451 1459
1451 1479
1452 1866
1452 1761
1452 1890
1452 1696
1452 1453
1452 1618
1452 1616
1452 1751
1452 1477
1452 1479
1452 1516
1452 1426
1452 1458
1452 1459
1452 1765
1453 1751
1453 1477
1453 1687
1453 1594
1453 1516
1453 1479
1453 1458
1453 1459
1744 1898
1744 1606
1744 1562
1744 1564
1744 1567
1744 1594
1744 1763
1744 1859
1744 1801
1744 1685
1744 1766
1744 1741
1744 1765
1745 1753
1745 1617
1745 1696
1745 1757
1745 1563
1745 1688
1745 1887
1745 1681
1745 1680
1745 1768
1745 1477
1745 1687
1745 1852
1745 1765
1746 1809
1746 1859
1746 1741
1746 1801
1746 1763
1516 1751
1516 1477
1516 1594
1516 1479
1516 1458
1516 1459
1458 1426
1458 1649
1458 1866
1458 1898
1458 1895
1458 1890
1458 1563
1458 1751
1458 1477
1458 1479
1458 1443
1458 1459
1741 1809
1741 1685
1741 1562
1741 1564
1741 1859
1741 1801
1741 1763
1741 1766
1743 1897
1743 1890
1743 1858
1743 1889
1743 1887
1743 1883
1743 1603
1743 1898
1426 1761
1426 1895
1426 1696
1426 1471
1426 1441
1426 1443
1426 1563
1426 1751
1426 1750
1426 1475
1426 1824
1426 1564
1426 1578
1426 1477
1426 1765
1847 1890
1847 1866
1847 1895
1847 1802
1847 1443
1847 1564
1847 1807
1847 1888
1847 1885
1847 1880
1847 1803
1847 1768
1847 1765
1459 1604
1459 1751
1459 1477
1459 1687
1459 1479
1648 1890
1648 1606
1648 1858
1648 1887
1648 1616
1648 1564
1648 1889
1648 1688
1648 1919
1648 1603
1648 1649
1648 1604
1648 1477
1648 1617
1648 1761
1648 1852
1898 1809
1898 1897
1898 1890
1898 1766
1898 1887
1898 1757
1898 1685
1898 1858
1898 1567
1898 1859
1898 1889
1898 1883
1898 1563
1898 1617
1898 1768
1898 1761
1898 1764
1895 1818
1895 1819
1895 1443
1895 1866
1895 1887
1895 1885
1895 1880
1895 1807
1895 1802
1895 1601
1895 1803
1895 1765
1897 1890
1897 1858
1897 1889
1897 1887
1897 1883
1890 1564
1890 1761
1890 1859
1890 1887
1890 1696
1890 1443
1890 1801
1890 1563
1890 1594
1890 1858
1890 1889
1890 1866
1890 1883
1890 1768
1890 1763
1519 1618
1519 1688
1519 1528
1815 1618
1815 1528
1815 1688
1618 1753
1618 1603
1618 1649
1618 1606
1616 1604
1616 1617
1616 1852
1616 1919
1616 1603
1616 1649
1616 1606
1616 1680
1616 1765
1617 1649
1617 1564
1617 1761
1617 1606
1617 1858
1617 1887
1617 1757
1617 1563
1617 1859
1617 1889
1617 1919
1617 1603
1617 1768
1617 1604
1617 1766
1617 1852
1818 1802
1818 1601
1818 1819
1818 1888
1818 1885
1818 1803
1818 1880
1819 1807
1819 1601
1819 1866
1819 1888
1819 1803
1819 1885
1819 1761
1819 1880
1696 1887
1696 1443
1696 1757
1696 1687
1696 1688
1696 1866
1696 1885
1696 1594
1696 1681
1696 1680
1696 1768
1696 1765
1649 1604
1649 1852
1649 1751
1649 1919
1649 1594
1649 1603
1649 1606
1649 1765
1471 1824
1471 1563
1471 1578
1471 1475
1471 1443
1471 1750
1443 1475
1443 1866
1443 1441
1443 1824
1443 1757
1443 1563
1443 1751
1443 1750
1443 1887
1443 1885
1443 1578
1443 1688
1443 1765
1441 1824
1441 1563
1441 1578
1441 1475
1441 1750
1824 1563
1824 1750
1824 1475
1824 1578
1757 1761
1757 1606
1757 1688
1757 1753
1757 1752
1757 1858
1757 1859
1757 1594
1757 1763
1757 1889
1757 1887
1757 1801
1757 1564
1757 1809
1757 1768
1757 1687
1757 1760
1757 1479
1757 1766
1757 1764
1757 1765
1567 1562
1567 1594
1567 1859
1567 1801
1567 1601
1567 1685
1567 1763
1562 1564
1562 1594
1562 1859
1562 1801
1562 1809
1562 1685
1562 1687
1562 1761
1563 1688
1563 1750
1563 1475
1563 1885
1563 1578
1563 1764
1753 1752
1753 1768
1753 1687
1753 1760
1753 1761
1752 1763
1752 1768
1752 1760
1752 1761
1752 1766
1752 1764
1751 1688
1751 1858
1751 1477
1751 1866
1751 1885
1751 1479
1751 1801
1751 1594
1751 1606
1751 1765
1750 1475
1858 1801
1858 1889
1858 1887
1858 1883
1858 1809
1858 1768
1858 1761
1859 1761
1859 1809
1859 1887
1859 1564
1859 1680
1859 1594
1859 1801
1859 1768
1859 1687
1859 1763
1859 1688
1475 1578
1475 1885
1688 1681
1688 1680
1688 1919
1688 1761
1688 1594
1688 1606
1688 1604
1688 1768
1688 1687
1688 1765
1889 1887
1889 1564
1889 1883
1888 1802
1888 1601
1888 1866
1888 1885
1888 1880
1887 1564
1887 1594
1887 1763
1887 1761
1887 1768
1887 1764
1885 1866
1885 1880
1885 1807
1885 1802
1885 1601
1885 1765
1880 1807
1880 1601
1880 1866
1880 1802
1807 1601
1919 1604
1919 1852
1919 1761
1919 1603
1919 1606
1919 1765
1866 1601
1866 1564
1866 1802
1866 1594
1866 1801
1866 1768
1866 1761
1866 1765
1761 1801
1761 1564
1761 1603
1761 1768
1761 1604
1761 1766
1761 1764
1803 1802
1802 1601
1801 1809
1801 1564
1801 1685
1801 1594
1801 1763
1801 1768
1594 1564
1594 1685
1594 1763
1594 1768
1594 1479
1603 1604
1603 1852
1603 1606
1604 1852
1604 1606
1604 1765
1809 1768
1809 1763
1606 1852
1606 1680
1606 1765
1681 1680
1681 1687
1681 1765
1680 1479
1680 1687
1680 1765
1768 1763
1768 1760
1768 1564
1768 1766
1768 1764
1685 1564
1477 1479
1477 1765
1687 1765
1564 1763
1760 1764
1766 1764
1852 1764
