1789 1821
1789 1783
1789 1778
1789 1722
1789 1902
1789 1892
1789 1775
1789 1774
1789 1711
1789 1770
1789 1772
1789 1732
1789 1779
1789 1613
1789 1500
1789 1759
1789 1757
1789 1653
1789 1753
1789 1752
1789 1798
1789 1833
1789 1792
1789 1790
1789 1861
1789 1674
1789 1763
1789 1666
1789 1911
1789 1787
1789 1916
1789 1551
1789 1434
1789 1704
1789 1628
1789 1649
1789 1723
1789 1822
1789 1768
1789 1819
1789 1760
1789 1761
1789 1766
1789 1767
1789 1764
1780 1782
1780 1783
1780 1774
1780 1837
1780 1772
1780 1838
1780 1549
1780 1468
1780 1551
1780 1798
1780 1795
1780 1498
1780 1700
1780 1552
1780 1555
1780 1709
1780 1821
1780 1820
1780 1822
1780 1558
1780 1666
1780 1665
1780 1482
1780 1480
1780 1489
1780 1859
1780 1710
1780 1714
1780 1719
1780 1855
1780 1857
1780 1522
1780 1833
1780 1437
1780 1431
1780 1843
1780 1835
1780 1722
1780 1723
1780 1720
1780 1439
1780 1533
1780 1532
1780 1539
1780 1909
1780 1630
1780 1738
1780 1426
1780 1731
1780 1730
1780 1732
1780 1737
1780 1585
1780 1503
1780 1500
1780 1477
1780 1866
1780 1911
1780 1912
1780 1917
1780 1457
1780 1748
1780 1452
1780 1453
1780 1746
1780 1516
1780 1458
1780 1741
1780 1847
1780 1895
1780 1890
1780 1815
1780 1697
1780 1471
1780 1443
1780 1560
1780 1563
1780 1752
1780 1698
1780 1567
1780 1763
1780 1885
1780 1802
1780 1801
1780 1800
1780 1604
1780 1809
1780 1579
1780 1578
1780 1684
1780 1572
1780 1570
1780 1767
1780 1765
1782 1783
1782 1720
1782 1908
1782 1909
1782 1907
1782 1712
1782 1714
1782 1731
1782 1719
1782 1819
1782 1737
1782 1833
1782 1567
1782 1741
1782 1738
1782 1772
1782 1795
1782 1594
1782 1866
1782 1911
1782 1859
1782 1916
1782 1551
1782 1552
1782 1643
1782 1801
1782 1800
1782 1843
1782 1558
1782 1707
1782 1722
1782 1820
1782 1809
1782 1822
1782 1748
1782 1709
1782 1763
1782 1746
1782 1838
1782 1764
1782 1574
1783 1592
1783 1787
1783 1480
1783 1774
1783 1892
1783 1775
1783 1738
1783 1711
1783 1831
1783 1770
1783 1772
1783 1767
1783 1819
1783 1697
1783 1759
1783 1757
1783 1753
1783 1752
1783 1673
1783 1798
1783 1833
1783 1792
1783 1790
1783 1796
1783 1720
1783 1888
1783 1912
1783 1916
1783 1551
1783 1625
1783 1800
1783 1708
1783 1766
1783 1431
1783 1809
1783 1741
1783 1768
1783 1578
1783 1477
1783 1572
1783 1760
1783 1761
1783 1458
1783 1778
1783 1764
1783 1574
1787 1613
1787 1922
1787 1560
1787 1774
1787 1895
1787 1775
1787 1712
1787 1632
1787 1836
1787 1770
1787 1772
1787 1731
1787 1617
1787 1732
1787 1778
1787 1696
1787 1697
1787 1500
1787 1695
1787 1759
1787 1792
1787 1757
1787 1675
1787 1727
1787 1753
1787 1752
1787 1698
1787 1673
1787 1567
1787 1609
1787 1798
1787 1833
1787 1851
1787 1790
1787 1711
1787 1795
1787 1796
1787 1674
1787 1688
1787 1865
1787 1888
1787 1911
1787 1743
1787 1912
1787 1578
1787 1665
1787 1916
1787 1700
1787 1552
1787 1704
1787 1551
1787 1707
1787 1708
1787 1558
1787 1603
1787 1722
1787 1648
1787 1720
1787 1741
1787 1768
1787 1457
1787 1685
1787 1684
1787 1453
1787 1666
1787 1760
1787 1761
1787 1766
1787 1767
1787 1764
1787 1765
1546 1519
1546 1480
1546 1486
1546 1897
1546 1890
1546 1815
1546 1545
1546 1837
1546 1618
1546 1525
1546 1730
1546 1718
1546 1548
1546 1549
1546 1502
1546 1503
1546 1500
1546 1468
1546 1441
1546 1653
1546 1461
1546 1504
1546 1797
1546 1861
1546 1434
1546 1705
1546 1528
1546 1533
1546 1532
1546 1539
1546 1538
1774 1920
1774 1906
1774 1775
1774 1632
1774 1770
1774 1772
1774 1731
1774 1778
1774 1549
1774 1443
1774 1522
1774 1757
1774 1753
1774 1752
1774 1798
1774 1759
1774 1768
1774 1792
1774 1790
1774 1711
1774 1796
1774 1594
1774 1911
1774 1885
1774 1609
1774 1434
1774 1802
1774 1801
1774 1766
1774 1722
1774 1579
1774 1688
1774 1760
1774 1761
1774 1702
1774 1767
1774 1764
1774 1574
1545 1519
1545 1815
1545 1837
1545 1618
1545 1503
1545 1730
1545 1548
1545 1549
1545 1524
1545 1525
1545 1500
1545 1504
1545 1653
1545 1528
1545 1797
1545 1705
1545 1457
1545 1533
1545 1532
1545 1851
1545 1539
1545 1538
1836 1821
1836 1888
1836 1498
1836 1895
1836 1892
1836 1630
1836 1833
1836 1632
1836 1831
1836 1835
1836 1818
1836 1819
1836 1857
1836 1521
1836 1461
1836 1798
1836 1796
1836 1594
1836 1865
1836 1866
1836 1911
1836 1885
1836 1880
1836 1807
1836 1805
1836 1552
1836 1803
1836 1802
1836 1601
1836 1847
1836 1768
1836 1477
1836 1761
1836 1570
1770 1920
1770 1906
1770 1711
1770 1772
1770 1719
1770 1778
1770 1549
1770 1759
1770 1674
1770 1675
1770 1753
1770 1752
1770 1798
1770 1712
1770 1792
1770 1790
1770 1796
1770 1757
1770 1768
1770 1760
1770 1761
1770 1766
1770 1767
1770 1764
1772 1778
1772 1909
1772 1895
1772 1857
1772 1890
1772 1630
1772 1711
1772 1617
1772 1852
1772 1613
1772 1549
1772 1695
1772 1759
1772 1757
1772 1563
1772 1753
1772 1752
1772 1673
1772 1775
1772 1798
1772 1792
1772 1790
1772 1795
1772 1919
1772 1574
1772 1688
1772 1902
1772 1866
1772 1704
1772 1912
1772 1665
1772 1917
1772 1641
1772 1625
1772 1601
1772 1628
1772 1722
1772 1723
1772 1809
1772 1822
1772 1768
1772 1533
1772 1684
1772 1730
1772 1666
1772 1760
1772 1761
1772 1766
1772 1767
1772 1764
1772 1765
1838 1628
1838 1625
1838 1722
1838 1648
1838 1719
1838 1909
1838 1890
1838 1630
1838 1738
1838 1714
1838 1730
1838 1580
1838 1613
1838 1737
1838 1820
1838 1775
1838 1697
1838 1695
1838 1468
1838 1759
1838 1757
1838 1675
1838 1685
1838 1698
1838 1673
1838 1551
1838 1798
1838 1741
1838 1833
1838 1790
1838 1795
1838 1594
1838 1902
1838 1763
1838 1859
1838 1501
1838 1665
1838 1916
1838 1700
1838 1434
1838 1552
1838 1555
1838 1802
1838 1801
1838 1800
1838 1843
1838 1766
1838 1855
1838 1707
1838 1821
1838 1723
1838 1720
1838 1822
1838 1601
1838 1579
1838 1682
1838 1748
1838 1851
1838 1708
1838 1746
1838 1604
1838 1458
1838 1767
1838 1852
1838 1574
1779 1920
1779 1908
1779 1854
1779 1855
1779 1548
1779 1696
1779 1697
1779 1695
1779 1675
1779 1670
1779 1698
1779 1745
1779 1887
1779 1912
1779 1708
1779 1656
1779 1680
1779 1682
1779 1684
1779 1687
1779 1666
1779 1665
1779 1664
1779 1663
1779 1661
1779 1765
1778 1489
1778 1775
1778 1711
1778 1617
1778 1719
1778 1443
1778 1522
1778 1757
1778 1753
1778 1752
1778 1798
1778 1759
1778 1792
1778 1790
1778 1796
1778 1913
1778 1528
1778 1768
1778 1452
1778 1727
1778 1760
1778 1761
1778 1766
1778 1767
1778 1764
1548 1854
1548 1920
1548 1549
1548 1503
1548 1815
1548 1837
1548 1618
1548 1426
1548 1428
1548 1718
1548 1585
1548 1524
1548 1525
1548 1500
1548 1695
1548 1468
1548 1504
1548 1653
1548 1538
1548 1528
1548 1706
1548 1684
1548 1739
1548 1797
1548 1519
1548 1435
1548 1705
1548 1430
1548 1578
1548 1533
1548 1532
1548 1745
1548 1516
1548 1458
1548 1539
1548 1765
1549 1519
1549 1920
1549 1815
1549 1503
1549 1705
1549 1618
1549 1730
1549 1613
1549 1696
1549 1525
1549 1500
1549 1504
1549 1757
1549 1675
1549 1528
1549 1698
1549 1567
1549 1551
1549 1833
1549 1797
1549 1653
1549 1498
1549 1684
1549 1524
1549 1837
1549 1700
1549 1437
1549 1552
1549 1802
1549 1708
1549 1558
1549 1847
1549 1439
1549 1579
1549 1578
1549 1533
1549 1532
1549 1851
1549 1763
1549 1766
1549 1539
1549 1538
1775 1475
1775 1722
1775 1890
1775 1911
1775 1909
1775 1895
1775 1902
1775 1711
1775 1831
1775 1837
1775 1429
1775 1851
1775 1857
1775 1696
1775 1503
1775 1500
1775 1695
1775 1520
1775 1759
1775 1757
1775 1675
1775 1752
1775 1698
1775 1673
1775 1805
1775 1798
1775 1833
1775 1792
1775 1790
1775 1796
1775 1697
1775 1688
1775 1865
1775 1889
1775 1572
1775 1498
1775 1885
1775 1912
1775 1760
1775 1702
1775 1761
1775 1802
1775 1625
1775 1431
1775 1708
1775 1714
1775 1821
1775 1604
1775 1822
1775 1768
1775 1748
1775 1428
1775 1666
1775 1665
1775 1632
1775 1766
1775 1767
1775 1764
1775 1765
1695 1426
1695 1628
1695 1761
1695 1752
1695 1920
1695 1908
1695 1909
1695 1895
1695 1489
1695 1902
1695 1743
1695 1696
1695 1711
1695 1688
1695 1429
1695 1890
1695 1855
1695 1745
1695 1502
1695 1697
1695 1759
1695 1757
1695 1675
1695 1650
1695 1670
1695 1766
1695 1698
1695 1673
1695 1790
1695 1684
1695 1796
1695 1861
1695 1674
1695 1493
1695 1889
1695 1592
1695 1434
1695 1912
1695 1562
1695 1916
1695 1700
1695 1702
1695 1552
1695 1704
1695 1656
1695 1714
1695 1720
1695 1822
1695 1681
1695 1680
1695 1768
1695 1682
1695 1685
1695 1749
1695 1687
1695 1666
1695 1665
1695 1664
1695 1663
1695 1661
1695 1765
1468 1483
1468 1833
1468 1837
1468 1637
1468 1428
1468 1585
1468 1502
1468 1525
1468 1500
1468 1457
1468 1520
1468 1522
1468 1560
1468 1748
1468 1563
1468 1461
1468 1451
1468 1751
1468 1477
1468 1630
1468 1668
1468 1594
1468 1493
1468 1495
1468 1498
1468 1880
1468 1700
1468 1516
1468 1574
1468 1705
1468 1430
1468 1435
1468 1426
1468 1579
1468 1471
1468 1533
1468 1532
1468 1452
1468 1453
1468 1572
1468 1479
1468 1458
1468 1459
1468 1570
1674 1628
1674 1920
1674 1877
1674 1480
1674 1908
1674 1909
1674 1902
1674 1682
1674 1743
1674 1711
1674 1710
1674 1664
1674 1835
1674 1890
1674 1855
1674 1696
1674 1697
1674 1500
1674 1759
1674 1560
1674 1675
1674 1656
1674 1698
1674 1673
1674 1551
1674 1687
1674 1663
1674 1648
1674 1792
1674 1790
1674 1477
1674 1861
1674 1757
1674 1688
1674 1889
1674 1572
1674 1911
1674 1684
1674 1912
1674 1916
1674 1700
1674 1702
1674 1552
1674 1431
1674 1708
1674 1528
1674 1457
1674 1722
1674 1723
1674 1681
1674 1471
1674 1749
1674 1670
1674 1666
1674 1745
1674 1665
1674 1761
1674 1766
1674 1767
1674 1661
1674 1765
1675 1661
1675 1920
1675 1908
1675 1890
1675 1682
1675 1739
1675 1711
1675 1664
1675 1714
1675 1730
1675 1613
1675 1696
1675 1697
1675 1851
1675 1562
1675 1563
1675 1670
1675 1752
1675 1698
1675 1673
1675 1528
1675 1663
1675 1648
1675 1792
1675 1790
1675 1837
1675 1757
1675 1743
1675 1902
1675 1688
1675 1911
1675 1641
1675 1885
1675 1912
1675 1665
1675 1916
1675 1552
1675 1704
1675 1705
1675 1708
1675 1656
1675 1855
1675 1628
1675 1847
1675 1723
1675 1822
1675 1681
1675 1680
1675 1768
1675 1457
1675 1685
1675 1684
1675 1687
1675 1558
1675 1745
1675 1666
1675 1761
1675 1766
1675 1767
1675 1764
1675 1765
1670 1854
1670 1920
1670 1898
1670 1908
1670 1739
1670 1525
1670 1538
1670 1696
1670 1697
1670 1656
1670 1698
1670 1673
1670 1688
1670 1666
1670 1887
1670 1912
1670 1664
1670 1704
1670 1708
1670 1820
1670 1681
1670 1680
1670 1682
1670 1684
1670 1687
1670 1745
1670 1665
1670 1765
1670 1663
1670 1741
1670 1661
1670 1743
1673 1628
1673 1722
1673 1661
1673 1920
1673 1898
1673 1720
1673 1908
1673 1909
1673 1428
1673 1489
1673 1822
1673 1890
1673 1696
1673 1711
1673 1710
1673 1837
1673 1664
1673 1731
1673 1902
1673 1732
1673 1854
1673 1613
1673 1502
1673 1697
1673 1500
1673 1560
1673 1752
1673 1698
1673 1567
1673 1855
1673 1431
1673 1663
1673 1648
1673 1792
1673 1790
1673 1797
1673 1796
1673 1795
1673 1861
1673 1743
1673 1889
1673 1688
1673 1911
1673 1885
1673 1912
1673 1665
1673 1916
1673 1551
1673 1919
1673 1434
1673 1552
1673 1555
1673 1802
1673 1625
1673 1594
1673 1708
1673 1656
1673 1714
1673 1847
1673 1723
1673 1592
1673 1439
1673 1681
1673 1680
1673 1682
1673 1533
1673 1684
1673 1687
1673 1851
1673 1745
1673 1666
1673 1761
1673 1766
1673 1767
1673 1764
1673 1765
1551 1833
1551 1835
1551 1798
1551 1560
1551 1493
1551 1498
1551 1555
1551 1700
1551 1552
1551 1704
1551 1705
1551 1707
1551 1558
1551 1820
1551 1822
1551 1698
1551 1709
1551 1666
1551 1482
1551 1480
1551 1486
1551 1489
1551 1712
1551 1714
1551 1855
1551 1857
1551 1520
1551 1522
1551 1430
1551 1431
1551 1843
1551 1727
1551 1847
1551 1723
1551 1439
1551 1731
1551 1730
1551 1539
1551 1908
1551 1909
1551 1906
1551 1630
1551 1738
1551 1426
1551 1429
1551 1428
1551 1580
1551 1585
1551 1502
1551 1503
1551 1500
1551 1501
1551 1919
1551 1594
1551 1866
1551 1625
1551 1457
1551 1748
1551 1749
1551 1453
1551 1746
1551 1743
1551 1761
1551 1890
1551 1815
1551 1471
1551 1443
1551 1759
1551 1757
1551 1562
1551 1564
1551 1751
1551 1567
1551 1889
1551 1763
1551 1885
1551 1807
1551 1479
1551 1802
1551 1801
1551 1809
1551 1579
1551 1578
1551 1685
1551 1477
1551 1572
1551 1570
1551 1766
1551 1574
1798 1735
1798 1482
1798 1426
1798 1895
1798 1585
1798 1892
1798 1630
1798 1711
1798 1831
1798 1427
1798 1730
1798 1818
1798 1857
1798 1759
1798 1560
1798 1727
1798 1753
1798 1752
1798 1567
1798 1807
1798 1833
1798 1792
1798 1790
1798 1796
1798 1757
1798 1885
1798 1707
1798 1880
1798 1437
1798 1552
1798 1802
1798 1594
1798 1843
1798 1558
1798 1855
1798 1637
1798 1847
1798 1714
1798 1809
1798 1741
1798 1768
1798 1578
1798 1477
1798 1835
1798 1666
1798 1760
1798 1761
1798 1766
1798 1767
1798 1764
1759 1475
1759 1722
1759 1895
1759 1585
1759 1630
1759 1711
1759 1831
1759 1731
1759 1767
1759 1818
1759 1857
1759 1847
1759 1465
1759 1757
1759 1753
1759 1752
1759 1567
1759 1700
1759 1792
1759 1790
1759 1796
1759 1866
1759 1911
1759 1885
1759 1917
1759 1802
1759 1801
1759 1707
1759 1558
1759 1855
1759 1821
1759 1720
1759 1439
1759 1579
1759 1768
1759 1457
1759 1727
1759 1760
1759 1761
1759 1766
1759 1741
1759 1764
1759 1574
1792 1911
1792 1480
1792 1486
1792 1909
1792 1489
1792 1890
1792 1711
1792 1710
1792 1731
1792 1730
1792 1697
1792 1443
1792 1757
1792 1563
1792 1753
1792 1752
1792 1698
1792 1702
1792 1833
1792 1790
1792 1796
1792 1889
1792 1666
1792 1498
1792 1912
1792 1665
1792 1434
1792 1743
1792 1594
1792 1708
1792 1613
1792 1714
1792 1649
1792 1723
1792 1720
1792 1579
1792 1768
1792 1471
1792 1519
1792 1749
1792 1851
1792 1763
1792 1760
1792 1761
1792 1766
1792 1767
1792 1764
1792 1765
1697 1735
1697 1761
1697 1752
1697 1920
1697 1872
1697 1567
1697 1908
1697 1909
1697 1898
1697 1902
1697 1815
1697 1711
1697 1837
1697 1680
1697 1731
1697 1851
1697 1732
1697 1855
1697 1745
1697 1696
1697 1500
1697 1648
1697 1757
1697 1579
1697 1766
1697 1698
1697 1572
1697 1613
1697 1859
1697 1790
1697 1684
1697 1764
1697 1688
1697 1763
1697 1911
1697 1912
1697 1700
1697 1437
1697 1702
1697 1743
1697 1704
1697 1802
1697 1625
1697 1708
1697 1656
1697 1866
1697 1628
1697 1722
1697 1723
1697 1822
1697 1681
1697 1843
1697 1768
1697 1682
1697 1533
1697 1749
1697 1687
1697 1666
1697 1665
1697 1664
1697 1663
1697 1767
1697 1661
1697 1765
1790 1920
1790 1909
1790 1711
1790 1730
1790 1732
1790 1696
1790 1443
1790 1752
1790 1855
1790 1795
1790 1861
1790 1757
1790 1911
1790 1912
1790 1916
1790 1743
1790 1704
1790 1625
1790 1708
1790 1628
1790 1722
1790 1767
1790 1768
1790 1851
1790 1666
1790 1760
1790 1761
1790 1766
1790 1719
1790 1764
1790 1765
1797 1519
1797 1482
1797 1480
1797 1567
1797 1489
1797 1857
1797 1503
1797 1815
1797 1837
1797 1618
1797 1426
1797 1730
1797 1502
1797 1525
1797 1500
1797 1504
1797 1560
1797 1653
1797 1528
1797 1684
1797 1493
1797 1822
1797 1866
1797 1498
1797 1524
1797 1802
1797 1434
1797 1705
1797 1431
1797 1708
1797 1628
1797 1847
1797 1439
1797 1579
1797 1533
1797 1532
1797 1851
1797 1572
1797 1538
1797 1458
1797 1539
1797 1765
1796 1480
1796 1890
1796 1630
1796 1711
1796 1732
1796 1735
1796 1560
1796 1685
1796 1562
1796 1563
1796 1753
1796 1752
1796 1738
1796 1795
1796 1757
1796 1859
1796 1880
1796 1434
1796 1552
1796 1555
1796 1567
1796 1625
1796 1722
1796 1720
1796 1768
1796 1748
1796 1532
1796 1475
1796 1574
1796 1760
1796 1761
1796 1766
1796 1767
1796 1764
1796 1570
1795 1628
1795 1625
1795 1722
1795 1570
1795 1720
1795 1909
1795 1890
1795 1738
1795 1730
1795 1852
1795 1613
1795 1737
1795 1696
1795 1723
1795 1443
1795 1833
1795 1749
1795 1560
1795 1562
1795 1880
1795 1752
1795 1698
1795 1855
1795 1741
1795 1859
1795 1684
1795 1861
1795 1574
1795 1688
1795 1902
1795 1572
1795 1911
1795 1704
1795 1912
1795 1746
1795 1916
1795 1700
1795 1919
1795 1702
1795 1552
1795 1555
1795 1567
1795 1801
1795 1431
1795 1708
1795 1709
1795 1714
1795 1847
1795 1820
1795 1809
1795 1822
1795 1843
1795 1748
1795 1532
1795 1668
1795 1763
1795 1800
1795 1761
1795 1766
1795 1719
1795 1764
1795 1765
1560 1765
1560 1833
1560 1835
1560 1461
1560 1700
1560 1552
1560 1555
1560 1705
1560 1707
1560 1708
1560 1528
1560 1821
1560 1822
1560 1709
1560 1666
1560 1665
1560 1558
1560 1920
1560 1489
1560 1712
1560 1711
1560 1851
1560 1719
1560 1857
1560 1520
1560 1522
1560 1748
1560 1656
1560 1437
1560 1434
1560 1727
1560 1722
1560 1720
1560 1439
1560 1731
1560 1539
1560 1630
1560 1429
1560 1428
1560 1580
1560 1735
1560 1502
1560 1503
1560 1861
1560 1594
1560 1866
1560 1911
1560 1912
1560 1916
1560 1625
1560 1613
1560 1519
1560 1452
1560 1746
1560 1743
1560 1847
1560 1815
1560 1818
1560 1819
1560 1696
1560 1562
1560 1563
1560 1567
1560 1889
1560 1763
1560 1885
1560 1761
1560 1802
1560 1601
1560 1579
1560 1578
1560 1685
1560 1684
1560 1572
1560 1570
1560 1767
1560 1574
1493 1458
1493 1722
1493 1471
1493 1483
1493 1482
1493 1480
1493 1895
1493 1489
1493 1585
1493 1743
1493 1833
1493 1837
1493 1426
1493 1730
1493 1857
1493 1502
1493 1443
1493 1522
1493 1465
1493 1520
1493 1563
1493 1461
1493 1451
1493 1477
1493 1668
1493 1495
1493 1592
1493 1498
1493 1501
1493 1885
1493 1578
1493 1802
1493 1437
1493 1434
1493 1552
1493 1704
1493 1705
1493 1431
1493 1835
1493 1637
1493 1847
1493 1439
1493 1579
1493 1457
1493 1533
1493 1532
1493 1452
1493 1453
1493 1763
1493 1516
1493 1511
1493 1459
1493 1539
1493 1479
1495 1592
1495 1483
1495 1489
1495 1637
1495 1429
1495 1428
1495 1819
1495 1585
1495 1502
1495 1501
1495 1520
1495 1522
1495 1563
1495 1461
1495 1451
1495 1751
1495 1532
1495 1453
1495 1888
1495 1498
1495 1479
1495 1601
1495 1458
1495 1722
1495 1820
1495 1809
1495 1767
1495 1768
1495 1578
1495 1477
1495 1452
1495 1668
1495 1516
1495 1511
1495 1459
1800 1723
1800 1809
1800 1909
1800 1630
1800 1833
1800 1714
1800 1719
1800 1562
1800 1738
1800 1866
1800 1859
1800 1741
1800 1555
1800 1801
1800 1843
1800 1722
1800 1820
1800 1720
1800 1822
1800 1768
1800 1746
1800 1570
1800 1852
1498 1458
1498 1558
1498 1761
1498 1723
1498 1483
1498 1482
1498 1486
1498 1489
1498 1585
1498 1890
1498 1833
1498 1477
1498 1837
1498 1427
1498 1637
1498 1429
1498 1428
1498 1719
1498 1727
1498 1502
1498 1822
1498 1578
1498 1443
1498 1522
1498 1757
1498 1520
1498 1563
1498 1752
1498 1751
1498 1567
1498 1708
1498 1572
1498 1453
1498 1668
1498 1592
1498 1451
1498 1437
1498 1434
1498 1552
1498 1802
1498 1431
1498 1843
1498 1824
1498 1435
1498 1426
1498 1847
1498 1820
1498 1809
1498 1439
1498 1601
1498 1457
1498 1533
1498 1532
1498 1452
1498 1475
1498 1763
1498 1516
1498 1511
1498 1459
1498 1479
1555 1700
1555 1722
1555 1719
1555 1909
1555 1720
1555 1890
1555 1630
1555 1712
1555 1731
1555 1735
1555 1613
1555 1502
1555 1562
1555 1807
1555 1833
1555 1919
1555 1594
1555 1709
1555 1859
1555 1913
1555 1738
1555 1552
1555 1803
1555 1567
1555 1801
1555 1707
1555 1727
1555 1847
1555 1820
1555 1809
1555 1822
1555 1579
1555 1685
1555 1558
1555 1574
1555 1572
1555 1746
1555 1516
1555 1458
1555 1580
1555 1570
1700 1833
1700 1837
1700 1835
1700 1461
1700 1552
1700 1707
1700 1708
1700 1558
1700 1822
1700 1709
1700 1578
1700 1482
1700 1480
1700 1486
1700 1489
1700 1712
1700 1711
1700 1855
1700 1857
1700 1522
1700 1528
1700 1630
1700 1437
1700 1434
1700 1727
1700 1722
1700 1720
1700 1439
1700 1731
1700 1533
1700 1532
1700 1539
1700 1872
1700 1739
1700 1738
1700 1426
1700 1429
1700 1730
1700 1580
1700 1735
1700 1503
1700 1500
1700 1501
1700 1477
1700 1594
1700 1866
1700 1912
1700 1916
1700 1628
1700 1457
1700 1748
1700 1745
1700 1746
1700 1458
1700 1459
1700 1847
1700 1895
1700 1815
1700 1613
1700 1696
1700 1443
1700 1562
1700 1563
1700 1564
1700 1567
1700 1763
1700 1885
1700 1761
1700 1802
1700 1801
1700 1579
1700 1471
1700 1685
1700 1684
1700 1572
1700 1570
1700 1766
1700 1574
1702 1718
1702 1648
1702 1920
1702 1877
1702 1872
1702 1897
1702 1890
1702 1682
1702 1739
1702 1711
1702 1851
1702 1852
1702 1732
1702 1854
1702 1613
1702 1650
1702 1698
1702 1858
1702 1861
1702 1688
1702 1889
1702 1763
1702 1887
1702 1743
1702 1912
1702 1883
1702 1552
1702 1704
1702 1802
1702 1706
1702 1708
1702 1722
1702 1604
1702 1720
1702 1822
1702 1911
1702 1457
1702 1749
1702 1898
1702 1666
1702 1761
1702 1663
1702 1764
1702 1765
1552 1833
1552 1831
1552 1835
1552 1704
1552 1707
1552 1708
1552 1558
1552 1822
1552 1709
1552 1666
1552 1663
1552 1482
1552 1480
1552 1486
1552 1489
1552 1712
1552 1719
1552 1857
1552 1521
1552 1522
1552 1451
1552 1437
1552 1434
1552 1431
1552 1727
1552 1637
1552 1722
1552 1723
1552 1720
1552 1731
1552 1533
1552 1428
1552 1909
1552 1426
1552 1429
1552 1730
1552 1580
1552 1735
1552 1585
1552 1501
1552 1477
1552 1625
1552 1748
1552 1749
1552 1452
1552 1453
1552 1746
1552 1459
1552 1895
1552 1562
1552 1563
1552 1564
1552 1752
1552 1698
1552 1567
1552 1859
1552 1763
1552 1885
1552 1883
1552 1880
1552 1570
1552 1801
1552 1809
1552 1579
1552 1685
1552 1684
1552 1574
1552 1572
1552 1761
1552 1479
1704 1911
1704 1718
1704 1920
1704 1877
1704 1872
1704 1897
1704 1890
1704 1713
1704 1696
1704 1711
1704 1710
1704 1902
1704 1732
1704 1854
1704 1613
1704 1502
1704 1757
1704 1650
1704 1752
1704 1698
1704 1567
1704 1858
1704 1851
1704 1684
1704 1730
1704 1861
1704 1855
1704 1863
1704 1889
1704 1688
1704 1887
1704 1434
1704 1743
1704 1912
1704 1883
1704 1625
1704 1431
1704 1708
1704 1714
1704 1723
1704 1720
1704 1822
1704 1628
1704 1768
1704 1533
1704 1749
1704 1739
1704 1453
1704 1898
1704 1665
1704 1761
1704 1766
1704 1661
1704 1765
1705 1653
1705 1480
1705 1503
1705 1815
1705 1711
1705 1837
1705 1618
1705 1426
1705 1730
1705 1502
1705 1525
1705 1500
1705 1520
1705 1504
1705 1528
1705 1567
1705 1851
1705 1889
1705 1866
1705 1885
1705 1524
1705 1916
1705 1437
1705 1802
1705 1558
1705 1628
1705 1847
1705 1439
1705 1579
1705 1763
1705 1533
1705 1532
1705 1519
1705 1428
1705 1572
1705 1746
1705 1761
1705 1539
1705 1538
1706 1718
1706 1877
1706 1872
1706 1897
1706 1890
1706 1713
1706 1710
1706 1851
1706 1732
1706 1854
1706 1696
1706 1503
1706 1500
1706 1650
1706 1739
1706 1858
1706 1861
1706 1863
1706 1889
1706 1887
1706 1883
1706 1708
1706 1519
1706 1749
1706 1898
1706 1743
1707 1558
1707 1922
1707 1480
1707 1719
1707 1909
1707 1895
1707 1630
1707 1712
1707 1714
1707 1731
1707 1580
1707 1735
1707 1613
1707 1723
1707 1562
1707 1564
1707 1752
1707 1751
1707 1567
1707 1833
1707 1668
1707 1919
1707 1594
1707 1801
1707 1430
1707 1852
1707 1843
1707 1709
1707 1820
1707 1822
1707 1579
1707 1685
1707 1727
1707 1572
1707 1746
1707 1570
1707 1907
1707 1764
1707 1574
1708 1837
1708 1835
1708 1757
1708 1822
1708 1665
1708 1920
1708 1489
1708 1858
1708 1711
1708 1710
1708 1714
1708 1851
1708 1718
1708 1854
1708 1855
1708 1857
1708 1650
1708 1656
1708 1434
1708 1431
1708 1648
1708 1720
1708 1532
1708 1872
1708 1909
1708 1902
1708 1739
1708 1429
1708 1428
1708 1732
1708 1500
1708 1861
1708 1863
1708 1866
1708 1911
1708 1912
1708 1916
1708 1625
1708 1628
1708 1749
1708 1452
1708 1743
1708 1723
1708 1898
1708 1895
1708 1897
1708 1890
1708 1613
1708 1682
1708 1752
1708 1698
1708 1713
1708 1889
1708 1688
1708 1887
1708 1883
1708 1802
1708 1578
1708 1684
1708 1572
1708 1761
1708 1766
1708 1767
1708 1765
1558 1628
1558 1482
1558 1719
1558 1909
1558 1907
1558 1489
1558 1585
1558 1890
1558 1885
1558 1802
1558 1712
1558 1837
1558 1426
1558 1616
1558 1730
1558 1580
1558 1735
1558 1819
1558 1500
1558 1501
1558 1520
1558 1562
1558 1564
1558 1572
1558 1567
1558 1833
1558 1477
1558 1528
1558 1594
1558 1866
1558 1803
1558 1913
1558 1912
1558 1738
1558 1439
1558 1437
1558 1801
1558 1709
1558 1714
1558 1847
1558 1723
1558 1809
1558 1822
1558 1911
1558 1731
1558 1579
1558 1685
1558 1532
1558 1727
1558 1763
1558 1665
1558 1570
1558 1767
1558 1574
1821 1888
1821 1482
1821 1895
1821 1489
1821 1892
1821 1630
1821 1815
1821 1632
1821 1831
1821 1835
1821 1851
1821 1818
1821 1819
1821 1857
1821 1503
1821 1457
1821 1521
1821 1757
1821 1653
1821 1563
1821 1752
1821 1477
1821 1572
1821 1833
1821 1865
1821 1866
1821 1859
1821 1885
1821 1807
1821 1437
1821 1434
1821 1803
1821 1802
1821 1625
1821 1601
1821 1847
1821 1809
1821 1822
1821 1843
1821 1579
1821 1471
1821 1533
1821 1532
1821 1428
1821 1666
1821 1741
1821 1539
1820 1908
1820 1907
1820 1712
1820 1714
1820 1731
1820 1719
1820 1819
1820 1737
1820 1833
1820 1859
1820 1594
1820 1665
1820 1880
1820 1741
1820 1801
1820 1601
1820 1709
1820 1722
1820 1723
1820 1809
1820 1822
1820 1843
1820 1579
1820 1748
1820 1727
1820 1763
1820 1746
1820 1761
1822 1833
1822 1837
1822 1709
1822 1666
1822 1482
1822 1859
1822 1711
1822 1710
1822 1714
1822 1851
1822 1719
1822 1855
1822 1857
1822 1522
1822 1437
1822 1434
1822 1843
1822 1847
1822 1723
1822 1720
1822 1532
1822 1909
1822 1906
1822 1902
1822 1630
1822 1738
1822 1731
1822 1580
1822 1732
1822 1737
1822 1502
1822 1500
1822 1594
1822 1911
1822 1912
1822 1916
1822 1625
1822 1628
1822 1748
1822 1749
1822 1746
1822 1741
1822 1743
1822 1722
1822 1648
1822 1890
1822 1613
1822 1757
1822 1562
1822 1564
1822 1698
1822 1567
1822 1889
1822 1763
1822 1761
1822 1802
1822 1801
1822 1809
1822 1579
1822 1685
1822 1688
1822 1570
1822 1767
1822 1764
1579 1628
1579 1443
1579 1570
1579 1459
1579 1613
1579 1480
1579 1872
1579 1909
1579 1895
1579 1489
1579 1439
1579 1902
1579 1606
1579 1802
1579 1630
1579 1632
1579 1912
1579 1685
1579 1741
1579 1731
1579 1851
1579 1735
1579 1855
1579 1502
1579 1500
1579 1501
1579 1520
1579 1801
1579 1757
1579 1748
1579 1562
1579 1428
1579 1751
1579 1477
1579 1572
1579 1712
1579 1457
1579 1730
1579 1764
1579 1919
1579 1594
1579 1684
1579 1889
1579 1866
1579 1859
1579 1885
1579 1580
1579 1916
1579 1437
1579 1434
1579 1625
1579 1843
1579 1431
1579 1809
1579 1471
1579 1833
1579 1532
1579 1709
1579 1574
1579 1763
1579 1567
1579 1719
1579 1539
1579 1765
1698 1761
1698 1920
1698 1887
1698 1872
1698 1908
1698 1898
1698 1890
1698 1713
1698 1833
1698 1714
1698 1730
1698 1855
1698 1685
1698 1572
1698 1613
1698 1767
1698 1684
1698 1688
1698 1889
1698 1745
1698 1911
1698 1912
1698 1916
1698 1656
1698 1628
1698 1722
1698 1723
1698 1720
1698 1681
1698 1680
1698 1682
1698 1533
1698 1764
1698 1687
1698 1666
1698 1665
1698 1664
1698 1663
1698 1719
1698 1661
1698 1765
1668 1761
1668 1458
1668 1489
1668 1585
1668 1637
1668 1428
1668 1857
1668 1502
1668 1501
1668 1520
1668 1522
1668 1757
1668 1653
1668 1461
1668 1751
1668 1451
1668 1453
1668 1916
1668 1437
1668 1479
1668 1727
1668 1457
1668 1439
1668 1578
1668 1533
1668 1477
1668 1452
1668 1824
1668 1745
1668 1516
1668 1511
1668 1459
1668 1574
1666 1920
1666 1887
1666 1572
1666 1720
1666 1908
1666 1895
1666 1489
1666 1890
1666 1739
1666 1696
1666 1664
1666 1851
1666 1613
1666 1857
1666 1502
1666 1522
1666 1757
1666 1727
1666 1752
1666 1663
1666 1648
1666 1684
1666 1861
1666 1688
1666 1911
1666 1743
1666 1912
1666 1916
1666 1574
1666 1625
1666 1601
1666 1656
1666 1855
1666 1714
1666 1723
1666 1809
1666 1681
1666 1680
1666 1768
1666 1682
1666 1749
1666 1687
1666 1453
1666 1745
1666 1665
1666 1761
1666 1766
1666 1767
1666 1661
1666 1765
1665 1628
1665 1604
1665 1661
1665 1920
1665 1877
1665 1480
1665 1872
1665 1908
1665 1909
1665 1890
1665 1815
1665 1711
1665 1653
1665 1664
1665 1429
1665 1851
1665 1732
1665 1854
1665 1613
1665 1731
1665 1696
1665 1685
1665 1757
1665 1564
1665 1752
1665 1855
1665 1572
1665 1663
1665 1859
1665 1688
1665 1902
1665 1745
1665 1887
1665 1743
1665 1912
1665 1578
1665 1656
1665 1567
1665 1714
1665 1649
1665 1681
1665 1843
1665 1768
1665 1682
1665 1680
1665 1684
1665 1687
1665 1761
1665 1766
1665 1767
1665 1764
1665 1765
1664 1920
1664 1908
1664 1837
1664 1854
1664 1696
1664 1650
1664 1656
1664 1688
1664 1887
1664 1912
1664 1681
1664 1680
1664 1682
1664 1684
1664 1687
1664 1745
1664 1663
1664 1661
1664 1765
1663 1743
1663 1920
1663 1877
1663 1898
1663 1908
1663 1851
1663 1732
1663 1854
1663 1696
1663 1525
1663 1688
1663 1887
1663 1912
1663 1656
1663 1681
1663 1680
1663 1682
1663 1685
1663 1684
1663 1687
1663 1745
1663 1661
1663 1765
1661 1920
1661 1908
1661 1503
1661 1696
1661 1656
1661 1688
1661 1912
1661 1681
1661 1680
1661 1682
1661 1684
1661 1687
1661 1745
1661 1765
1920 1761
1920 1908
1920 1909
1920 1890
1920 1739
1920 1730
1920 1696
1920 1525
1920 1520
1920 1757
1920 1650
1920 1752
1920 1688
1920 1889
1920 1743
1920 1912
1920 1837
1920 1437
1920 1656
1920 1766
1920 1902
1920 1648
1920 1681
1920 1680
1920 1682
1920 1685
1920 1684
1920 1687
1920 1745
1920 1767
1920 1765
1482 1807
1482 1847
1482 1458
1482 1480
1482 1486
1482 1895
1482 1489
1482 1585
1482 1815
1482 1427
1482 1426
1482 1429
1482 1428
1482 1857
1482 1502
1482 1578
1482 1443
1482 1441
1482 1824
1482 1465
1482 1520
1482 1563
1482 1477
1482 1522
1482 1833
1482 1453
1482 1889
1482 1592
1482 1501
1482 1885
1482 1439
1482 1437
1482 1434
1482 1802
1482 1430
1482 1431
1482 1435
1482 1457
1482 1471
1482 1533
1482 1532
1482 1452
1482 1475
1482 1572
1482 1479
1482 1511
1482 1459
1922 1906
1922 1907
1922 1616
1922 1617
1922 1852
1922 1613
1922 1648
1922 1650
1922 1919
1922 1911
1922 1913
1922 1916
1922 1641
1922 1625
1922 1643
1922 1603
1922 1628
1922 1649
1922 1604
1922 1606
1922 1741
1922 1574
1480 1628
1480 1743
1480 1486
1480 1895
1480 1489
1480 1890
1480 1504
1480 1428
1480 1833
1480 1711
1480 1453
1480 1837
1480 1427
1480 1426
1480 1429
1480 1730
1480 1732
1480 1585
1480 1502
1480 1471
1480 1443
1480 1441
1480 1465
1480 1757
1480 1519
1480 1563
1480 1461
1480 1451
1480 1477
1480 1431
1480 1522
1480 1457
1480 1861
1480 1863
1480 1501
1480 1885
1480 1437
1480 1434
1480 1430
1480 1824
1480 1435
1480 1835
1480 1439
1480 1768
1480 1578
1480 1533
1480 1532
1480 1452
1480 1475
1480 1572
1480 1516
1480 1459
1480 1594
1480 1574
1486 1895
1486 1489
1486 1712
1486 1427
1486 1426
1486 1429
1486 1428
1486 1585
1486 1502
1486 1471
1486 1443
1486 1441
1486 1465
1486 1563
1486 1522
1486 1435
1486 1592
1486 1501
1486 1437
1486 1434
1486 1618
1486 1431
1486 1824
1486 1439
1486 1578
1486 1477
1486 1452
1486 1475
1486 1458
1486 1746
1486 1511
1486 1459
1709 1719
1709 1909
1709 1630
1709 1712
1709 1741
1709 1731
1709 1580
1709 1735
1709 1737
1709 1857
1709 1696
1709 1521
1709 1685
1709 1562
1709 1567
1709 1833
1709 1594
1709 1572
1709 1859
1709 1913
1709 1684
1709 1650
1709 1801
1709 1843
1709 1722
1709 1720
1709 1748
1709 1477
1709 1727
1709 1745
1709 1746
1709 1570
1709 1852
1709 1574
1489 1722
1489 1572
1489 1585
1489 1890
1489 1815
1489 1711
1489 1453
1489 1837
1489 1427
1489 1426
1489 1429
1489 1428
1489 1732
1489 1857
1489 1502
1489 1503
1489 1471
1489 1443
1489 1441
1489 1824
1489 1563
1489 1461
1489 1752
1489 1528
1489 1522
1489 1833
1489 1475
1489 1730
1489 1592
1489 1525
1489 1451
1489 1916
1489 1437
1489 1434
1489 1430
1489 1431
1489 1435
1489 1457
1489 1723
1489 1439
1489 1578
1489 1519
1489 1532
1489 1760
1489 1458
1489 1459
1489 1764
1489 1743
1713 1718
1713 1877
1713 1872
1713 1897
1713 1890
1713 1739
1713 1710
1713 1851
1713 1732
1713 1854
1713 1855
1713 1650
1713 1858
1713 1861
1713 1863
1713 1889
1713 1887
1713 1883
1713 1681
1713 1682
1713 1749
1713 1898
1713 1743
1712 1807
1712 1902
1712 1630
1712 1738
1712 1632
1712 1731
1712 1580
1712 1735
1712 1613
1712 1737
1712 1465
1712 1562
1712 1727
1712 1564
1712 1567
1712 1859
1712 1475
1712 1572
1712 1434
1712 1801
1712 1722
1712 1809
1712 1685
1712 1477
1712 1574
1712 1763
1712 1746
1712 1761
1712 1766
1712 1719
1712 1594
1712 1570
1711 1628
1711 1909
1711 1907
1711 1890
1711 1632
1711 1616
1711 1902
1711 1719
1711 1732
1711 1737
1711 1696
1711 1500
1711 1443
1711 1757
1711 1563
1711 1753
1711 1752
1711 1855
1711 1471
1711 1684
1711 1861
1711 1889
1711 1866
1711 1743
1711 1912
1711 1760
1711 1916
1711 1457
1711 1761
1711 1431
1711 1835
1711 1714
1711 1847
1711 1723
1711 1429
1711 1768
1711 1578
1711 1519
1711 1749
1711 1453
1711 1604
1711 1766
1711 1767
1711 1764
1711 1765
1710 1732
1710 1613
1710 1877
1710 1897
1710 1890
1710 1714
1710 1851
1710 1718
1710 1854
1710 1855
1710 1696
1710 1650
1710 1752
1710 1861
1710 1863
1710 1902
1710 1887
1710 1883
1710 1437
1710 1625
1710 1628
1710 1911
1710 1533
1710 1749
1710 1743
1714 1628
1714 1855
1714 1815
1714 1723
1714 1719
1714 1909
1714 1907
1714 1439
1714 1902
1714 1738
1714 1731
1714 1851
1714 1732
1714 1735
1714 1613
1714 1737
1714 1757
1714 1563
1714 1564
1714 1428
1714 1833
1714 1767
1714 1861
1714 1594
1714 1688
1714 1889
1714 1763
1714 1911
1714 1859
1714 1912
1714 1916
1714 1434
1714 1570
1714 1801
1714 1722
1714 1720
1714 1843
1714 1453
1714 1574
1714 1567
1714 1580
1714 1764
1714 1743
1851 1718
1851 1625
1851 1649
1851 1538
1851 1877
1851 1908
1851 1909
1851 1857
1851 1890
1851 1519
1851 1766
1851 1887
1851 1902
1851 1732
1851 1854
1851 1613
1851 1696
1851 1648
1851 1767
1851 1749
1851 1650
1851 1656
1851 1858
1851 1861
1851 1855
1851 1889
1851 1866
1851 1911
1851 1912
1851 1883
1851 1916
1851 1743
1851 1528
1851 1897
1851 1628
1851 1723
1851 1720
1851 1681
1851 1457
1851 1533
1851 1532
1851 1739
1851 1761
1851 1852
1851 1764
1851 1765
1719 1723
1719 1911
1719 1720
1719 1909
1719 1630
1719 1731
1719 1737
1719 1685
1719 1562
1719 1727
1719 1567
1719 1741
1719 1833
1719 1632
1719 1594
1719 1888
1719 1859
1719 1738
1719 1801
1719 1843
1719 1722
1719 1809
1719 1748
1719 1835
1719 1763
1719 1746
1719 1580
1719 1764
1719 1574
1718 1877
1718 1872
1718 1897
1718 1890
1718 1732
1718 1854
1718 1855
1718 1650
1718 1858
1718 1861
1718 1889
1718 1887
1718 1883
1718 1606
1718 1519
1718 1749
1718 1898
1718 1743
1854 1732
1854 1739
1854 1877
1854 1872
1854 1897
1854 1890
1854 1837
1854 1855
1854 1503
1854 1858
1854 1861
1854 1863
1854 1889
1854 1688
1854 1887
1854 1883
1854 1680
1854 1749
1854 1898
1854 1765
1855 1732
1855 1648
1855 1877
1855 1872
1855 1722
1855 1895
1855 1898
1855 1897
1855 1890
1855 1833
1855 1641
1855 1429
1855 1613
1855 1757
1855 1650
1855 1858
1855 1656
1855 1916
1855 1863
1855 1887
1855 1501
1855 1883
1855 1439
1855 1743
1855 1628
1855 1847
1855 1723
1855 1911
1855 1533
1855 1749
1855 1567
1855 1767
1855 1764
1855 1765
1857 1628
1857 1807
1857 1847
1857 1866
1857 1613
1857 1572
1857 1909
1857 1895
1857 1439
1857 1902
1857 1630
1857 1815
1857 1632
1857 1831
1857 1429
1857 1818
1857 1819
1857 1585
1857 1503
1857 1471
1857 1521
1857 1685
1857 1563
1857 1753
1857 1752
1857 1477
1857 1833
1857 1453
1857 1730
1857 1865
1857 1888
1857 1885
1857 1880
1857 1437
1857 1434
1857 1803
1857 1802
1857 1625
1857 1457
1857 1809
1857 1768
1857 1578
1857 1533
1857 1532
1857 1835
1857 1761
1857 1741
1857 1539
1524 1815
1524 1618
1524 1503
1524 1730
1524 1890
1524 1525
1524 1500
1524 1533
1524 1532
1524 1504
1524 1653
1524 1538
1524 1563
1524 1528
1524 1539
1524 1837
1525 1519
1525 1908
1525 1585
1525 1815
1525 1837
1525 1618
1525 1426
1525 1730
1525 1503
1525 1500
1525 1520
1525 1504
1525 1653
1525 1538
1525 1563
1525 1684
1525 1437
1525 1516
1525 1430
1525 1431
1525 1528
1525 1680
1525 1533
1525 1532
1525 1452
1525 1428
1525 1511
1525 1765
1525 1539
1525 1502
1520 1457
1520 1503
1520 1837
1520 1637
1520 1730
1520 1585
1520 1502
1520 1500
1520 1501
1520 1443
1520 1522
1520 1824
1520 1563
1520 1428
1520 1751
1520 1567
1520 1437
1520 1453
1520 1477
1520 1465
1520 1592
1520 1451
1520 1802
1520 1483
1520 1479
1520 1430
1520 1458
1520 1426
1520 1847
1520 1471
1520 1533
1520 1532
1520 1452
1520 1763
1520 1516
1520 1511
1520 1459
1521 1847
1521 1888
1521 1895
1521 1892
1521 1630
1521 1815
1521 1632
1521 1831
1521 1835
1521 1429
1521 1818
1521 1819
1521 1443
1521 1653
1521 1753
1521 1865
1521 1866
1521 1885
1521 1880
1521 1807
1521 1805
1521 1803
1521 1802
1521 1601
1521 1843
1521 1824
1521 1745
1521 1746
1521 1458
1522 1426
1522 1592
1522 1761
1522 1613
1522 1483
1522 1909
1522 1895
1522 1892
1522 1453
1522 1427
1522 1637
1522 1429
1522 1730
1522 1818
1522 1585
1522 1502
1522 1503
1522 1500
1522 1471
1522 1441
1522 1443
1522 1563
1522 1461
1522 1428
1522 1567
1522 1572
1522 1833
1522 1865
1522 1889
1522 1888
1522 1501
1522 1451
1522 1434
1522 1801
1522 1431
1522 1458
1522 1435
1522 1457
1522 1847
1522 1578
1522 1533
1522 1477
1522 1452
1522 1475
1522 1516
1522 1511
1522 1459
1522 1479
1653 1503
1653 1815
1653 1837
1653 1618
1653 1835
1653 1429
1653 1730
1653 1500
1653 1457
1653 1504
1653 1824
1653 1519
1653 1650
1653 1563
1653 1753
1653 1866
1653 1528
1653 1578
1653 1533
1653 1532
1653 1745
1653 1458
1653 1539
1653 1538
1650 1919
1650 1613
1650 1877
1650 1872
1650 1906
1650 1907
1650 1897
1650 1890
1650 1852
1650 1732
1650 1563
1650 1684
1650 1739
1650 1648
1650 1861
1650 1863
1650 1858
1650 1889
1650 1688
1650 1887
1650 1883
1650 1437
1650 1643
1650 1603
1650 1628
1650 1649
1650 1604
1650 1578
1650 1749
1650 1824
1650 1898
1650 1743
1656 1908
1656 1833
1656 1732
1656 1696
1656 1863
1656 1688
1656 1912
1656 1743
1656 1681
1656 1680
1656 1682
1656 1684
1656 1687
1656 1745
1656 1765
1749 1732
1749 1847
1749 1890
1749 1604
1749 1877
1749 1872
1749 1906
1749 1898
1749 1439
1749 1902
1749 1887
1749 1696
1749 1500
1749 1501
1749 1606
1749 1757
1749 1858
1749 1739
1749 1648
1749 1861
1749 1863
1749 1889
1749 1745
1749 1911
1749 1883
1749 1916
1749 1802
1749 1897
1749 1722
1749 1723
1749 1720
1749 1682
1749 1533
1749 1684
1749 1452
1749 1428
1749 1761
1749 1764
1749 1743
1630 1807
1630 1735
1630 1866
1630 1761
1630 1895
1630 1902
1630 1885
1630 1892
1630 1632
1630 1831
1630 1427
1630 1616
1630 1617
1630 1818
1630 1819
1630 1757
1630 1564
1630 1833
1630 1865
1630 1888
1630 1803
1630 1913
1630 1738
1630 1917
1630 1880
1630 1805
1630 1435
1630 1847
1630 1601
1630 1426
1630 1477
1630 1727
1630 1574
1630 1516
1630 1764
1630 1570
1833 1837
1833 1835
1833 1757
1833 1768
1833 1859
1833 1437
1833 1434
1833 1843
1833 1722
1833 1723
1833 1720
1833 1533
1833 1532
1833 1539
1833 1909
1833 1738
1833 1426
1833 1428
1833 1580
1833 1732
1833 1735
1833 1737
1833 1585
1833 1861
1833 1916
1833 1748
1833 1746
1833 1516
1833 1458
1833 1741
1833 1895
1833 1890
1833 1819
1833 1562
1833 1563
1833 1567
1833 1572
1833 1885
1833 1880
1833 1802
1833 1801
1833 1809
1833 1685
1833 1477
1833 1763
1833 1479
1833 1767
1833 1764
1831 1649
1831 1895
1831 1892
1831 1632
1831 1835
1831 1818
1831 1819
1831 1465
1831 1752
1831 1805
1831 1594
1831 1865
1831 1888
1831 1885
1831 1880
1831 1807
1831 1866
1831 1802
1831 1601
1831 1847
1831 1843
1831 1685
1831 1477
1831 1516
1831 1458
1831 1767
1831 1574
1837 1519
1837 1592
1837 1567
1837 1895
1837 1585
1837 1618
1837 1503
1837 1429
1837 1730
1837 1500
1837 1457
1837 1504
1837 1538
1837 1916
1837 1528
1837 1428
1837 1437
1837 1815
1837 1501
1837 1912
1837 1802
1837 1483
1837 1434
1837 1761
1837 1430
1837 1426
1837 1847
1837 1720
1837 1578
1837 1533
1837 1532
1837 1475
1837 1458
1837 1539
1837 1502
1437 1847
1437 1895
1437 1465
1437 1427
1437 1503
1437 1429
1437 1428
1437 1819
1437 1502
1437 1471
1437 1441
1437 1824
1437 1757
1437 1443
1437 1563
1437 1567
1437 1916
1437 1815
1437 1431
1437 1475
1437 1477
1437 1434
1437 1889
1437 1501
1437 1912
1437 1439
1437 1457
1437 1802
1437 1684
1437 1430
1437 1594
1437 1435
1437 1426
1437 1723
1437 1585
1437 1578
1437 1533
1437 1451
1437 1452
1437 1763
1437 1459
1437 1539
1437 1453
1434 1532
1434 1475
1434 1847
1434 1909
1434 1895
1434 1439
1434 1763
1434 1815
1434 1766
1434 1688
1434 1427
1434 1429
1434 1730
1434 1502
1434 1500
1434 1471
1434 1443
1434 1441
1434 1824
1434 1757
1434 1519
1434 1563
1434 1753
1434 1477
1434 1861
1434 1465
1434 1889
1434 1592
1434 1885
1434 1912
1434 1501
1434 1880
1434 1802
1434 1430
1434 1431
1434 1528
1434 1457
1434 1426
1434 1911
1434 1585
1434 1768
1434 1578
1434 1533
1434 1451
1434 1435
1434 1835
1434 1572
1434 1511
1434 1459
1434 1539
1435 1427
1435 1426
1435 1429
1435 1428
1435 1585
1435 1502
1435 1503
1435 1471
1435 1443
1435 1465
1435 1562
1435 1563
1435 1458
1435 1441
1435 1592
1435 1430
1435 1431
1435 1824
1435 1439
1435 1578
1435 1477
1435 1452
1435 1475
1435 1572
1435 1511
1435 1459
1435 1574
1641 1648
1641 1907
1641 1906
1641 1895
1641 1902
1641 1617
1641 1852
1641 1757
1641 1919
1641 1911
1641 1917
1641 1916
1641 1625
1641 1801
1641 1613
1641 1603
1641 1604
1641 1727
1643 1609
1643 1603
1643 1616
1643 1617
1643 1852
1643 1628
1643 1913
1643 1613
1643 1604
1643 1919
1643 1648
1643 1727
1643 1911
1643 1907
1643 1606
1431 1625
1431 1761
1431 1471
1431 1909
1431 1895
1431 1503
1431 1815
1431 1477
1431 1427
1431 1835
1431 1429
1431 1730
1431 1819
1431 1585
1431 1502
1431 1457
1431 1443
1431 1563
1431 1428
1431 1475
1431 1465
1431 1743
1431 1592
1431 1501
1431 1885
1431 1684
1431 1916
1431 1802
1431 1430
1431 1458
1431 1824
1431 1426
1431 1722
1431 1439
1431 1768
1431 1578
1431 1533
1431 1532
1431 1452
1431 1572
1431 1574
1431 1511
1431 1459
1431 1539
1431 1453
1843 1722
1843 1564
1843 1723
1843 1649
1843 1909
1843 1720
1843 1606
1843 1731
1843 1737
1843 1880
1843 1461
1843 1752
1843 1751
1843 1567
1843 1738
1843 1594
1843 1859
1843 1885
1843 1912
1843 1746
1843 1916
1843 1805
1843 1741
1843 1801
1843 1809
1843 1748
1843 1477
1843 1763
1843 1516
1843 1766
1843 1764
1727 1475
1727 1483
1727 1572
1727 1909
1727 1885
1727 1819
1727 1731
1727 1617
1727 1735
1727 1737
1727 1801
1727 1562
1727 1685
1727 1567
1727 1859
1727 1594
1727 1888
1727 1913
1727 1880
1727 1802
1727 1681
1727 1604
1727 1768
1727 1457
1727 1748
1727 1574
1727 1746
1727 1761
1727 1766
1727 1580
1727 1570
1835 1807
1835 1847
1835 1866
1835 1895
1835 1890
1835 1892
1835 1730
1835 1818
1835 1819
1835 1503
1835 1500
1835 1457
1835 1815
1835 1632
1835 1865
1835 1889
1835 1888
1835 1911
1835 1885
1835 1880
1835 1803
1835 1802
1835 1720
1835 1471
1835 1533
1835 1453
1835 1539
1722 1532
1722 1625
1722 1815
1722 1809
1722 1909
1722 1628
1722 1890
1722 1746
1722 1902
1722 1732
1722 1819
1722 1723
1722 1767
1722 1757
1722 1562
1722 1752
1722 1572
1722 1477
1722 1684
1722 1889
1722 1688
1722 1911
1722 1859
1722 1912
1722 1738
1722 1567
1722 1801
1722 1847
1722 1720
1722 1604
1722 1748
1722 1730
1722 1574
1722 1763
1722 1761
1722 1458
1722 1570
1723 1628
1723 1847
1723 1613
1723 1911
1723 1909
1723 1890
1723 1429
1723 1735
1723 1737
1723 1563
1723 1741
1723 1738
1723 1594
1723 1763
1723 1902
1723 1859
1723 1580
1723 1916
1723 1801
1723 1809
1723 1748
1723 1617
1723 1746
1723 1567
1723 1764
1723 1743
1720 1628
1720 1889
1720 1909
1720 1890
1720 1743
1720 1632
1720 1732
1720 1737
1720 1757
1720 1685
1720 1562
1720 1752
1720 1859
1720 1738
1720 1767
1720 1902
1720 1763
1720 1911
1720 1580
1720 1916
1720 1625
1720 1801
1720 1604
1720 1809
1720 1748
1720 1746
1720 1761
1720 1766
1720 1765
1439 1628
1439 1457
1439 1592
1439 1761
1439 1427
1439 1429
1439 1730
1439 1502
1439 1471
1439 1443
1439 1458
1439 1824
1439 1567
1439 1563
1439 1528
1439 1428
1439 1477
1439 1465
1439 1866
1439 1516
1439 1802
1439 1430
1439 1426
1439 1847
1439 1767
1439 1585
1439 1578
1439 1533
1439 1532
1439 1452
1439 1475
1439 1572
1439 1479
1439 1511
1439 1459
1731 1564
1731 1909
1731 1429
1731 1735
1731 1757
1731 1562
1731 1461
1731 1885
1731 1746
1731 1685
1731 1451
1731 1574
1731 1572
1731 1567
1731 1580
1731 1594
1731 1570
1533 1426
1533 1532
1533 1443
1533 1743
1533 1539
1533 1895
1533 1890
1533 1503
1533 1688
1533 1618
1533 1429
1533 1732
1533 1500
1533 1471
1533 1538
1533 1563
1533 1528
1533 1428
1533 1504
1533 1815
1533 1457
1533 1730
1533 1861
1533 1889
1533 1866
1533 1501
1533 1885
1533 1912
1533 1477
1533 1802
1533 1897
1533 1628
1533 1585
1533 1578
1533 1519
1533 1453
1533 1761
1533 1459
1533 1764
1533 1502
1532 1502
1532 1443
1532 1761
1532 1895
1532 1503
1532 1802
1532 1618
1532 1426
1532 1500
1532 1501
1532 1504
1532 1767
1532 1916
1532 1461
1532 1567
1532 1528
1532 1452
1532 1815
1532 1475
1532 1861
1532 1889
1532 1866
1532 1885
1532 1516
1532 1847
1532 1628
1532 1585
1532 1457
1532 1519
1532 1730
1532 1763
1532 1538
1532 1459
1532 1539
1532 1765
1730 1847
1730 1866
1730 1895
1730 1890
1730 1503
1730 1815
1730 1688
1730 1618
1730 1429
1730 1428
1730 1500
1730 1696
1730 1757
1730 1528
1730 1567
1730 1763
1730 1504
1730 1861
1730 1519
1730 1501
1730 1802
1730 1457
1730 1625
1730 1578
1730 1452
1730 1572
1730 1539
1730 1538
1458 1426
1458 1483
1458 1909
1458 1453
1458 1427
1458 1637
1458 1429
1458 1767
1458 1819
1458 1585
1458 1502
1458 1592
1458 1501
1458 1465
1458 1461
1458 1752
1458 1751
1458 1741
1458 1738
1458 1477
1458 1888
1458 1859
1458 1516
1458 1805
1458 1801
1458 1430
1458 1601
1458 1457
1458 1809
1458 1578
1458 1451
1458 1452
1458 1479
1458 1511
1458 1459
1539 1847
1539 1895
1539 1503
1539 1618
1539 1500
1539 1443
1539 1504
1539 1563
1539 1528
1539 1567
1539 1815
1539 1519
1539 1885
1539 1802
1539 1763
1539 1516
1539 1767
1539 1538
1538 1519
1538 1815
1538 1618
1538 1503
1538 1500
1538 1504
1538 1528
1570 1909
1570 1907
1570 1738
1570 1580
1570 1735
1570 1501
1570 1685
1570 1562
1570 1564
1570 1751
1570 1567
1570 1594
1570 1911
1570 1916
1570 1809
1570 1748
1570 1572
1570 1746
1570 1516
1570 1574
1877 1732
1877 1872
1877 1890
1877 1858
1877 1739
1877 1861
1877 1863
1877 1889
1877 1887
1877 1883
1877 1682
1877 1685
1877 1687
1877 1898
1877 1743
1872 1898
1872 1897
1872 1890
1872 1564
1872 1739
1872 1858
1872 1684
1872 1861
1872 1889
1872 1887
1872 1912
1872 1883
1872 1572
1872 1567
1872 1743
1908 1648
1908 1890
1908 1739
1908 1696
1908 1503
1908 1863
1908 1688
1908 1887
1908 1912
1908 1681
1908 1680
1908 1682
1908 1684
1908 1687
1908 1745
1908 1765
1909 1628
1909 1625
1909 1604
1909 1648
1909 1809
1909 1895
1909 1902
1909 1852
1909 1732
1909 1766
1909 1737
1909 1767
1909 1752
1909 1572
1909 1741
1909 1738
1909 1574
1909 1688
1909 1889
1909 1911
1909 1859
1909 1885
1909 1501
1909 1746
1909 1916
1909 1802
1909 1801
1909 1748
1909 1684
1909 1760
1909 1763
1909 1761
1909 1743
1906 1890
1906 1907
1906 1606
1906 1902
1906 1616
1906 1617
1906 1852
1906 1613
1906 1609
1906 1738
1906 1911
1906 1917
1906 1916
1906 1625
1906 1603
1906 1628
1906 1649
1906 1604
1906 1768
1906 1748
1906 1760
1907 1648
1907 1895
1907 1902
1907 1616
1907 1617
1907 1852
1907 1613
1907 1737
1907 1919
1907 1594
1907 1911
1907 1913
1907 1917
1907 1916
1907 1609
1907 1625
1907 1603
1907 1628
1907 1768
1907 1604
1902 1628
1902 1649
1902 1648
1902 1606
1902 1890
1902 1892
1902 1616
1902 1732
1902 1613
1902 1757
1902 1880
1902 1632
1902 1861
1902 1688
1902 1889
1902 1572
1902 1911
1902 1916
1902 1609
1902 1919
1902 1625
1902 1603
1902 1617
1902 1763
1902 1604
1902 1766
1902 1852
1902 1764
1902 1765
1682 1890
1682 1696
1682 1739
1682 1684
1682 1688
1682 1745
1682 1887
1682 1912
1682 1567
1682 1681
1682 1680
1682 1687
1682 1765
1739 1898
1739 1897
1739 1890
1739 1858
1739 1861
1739 1889
1739 1681
1739 1684
1739 1743
1738 1809
1738 1616
1738 1737
1738 1685
1738 1562
1738 1741
1738 1594
1738 1859
1738 1761
1738 1801
1738 1768
1738 1748
1738 1477
1738 1746
1738 1574
1632 1866
1632 1895
1632 1892
1632 1818
1632 1819
1632 1757
1632 1685
1632 1752
1632 1865
1632 1888
1632 1859
1632 1885
1632 1880
1632 1807
1632 1805
1632 1803
1632 1802
1632 1625
1632 1601
1632 1613
1632 1847
1632 1606
1632 1768
1632 1748
1632 1477
1632 1475
1632 1741
1427 1426
1427 1429
1427 1585
1427 1502
1427 1578
1427 1443
1427 1563
1427 1461
1427 1441
1427 1453
1427 1592
1427 1430
1427 1824
1427 1457
1427 1471
1427 1477
1427 1452
1427 1475
1427 1511
1637 1516
1637 1483
1637 1451
1637 1457
1637 1502
1637 1501
1637 1479
1637 1461
1637 1459
1637 1751
1429 1895
1429 1585
1429 1815
1429 1426
1429 1819
1429 1502
1429 1503
1429 1443
1429 1757
1429 1563
1429 1428
1429 1567
1429 1441
1429 1471
1429 1453
1429 1465
1429 1592
1429 1916
1429 1430
1429 1824
1429 1457
1429 1578
1429 1477
1429 1452
1429 1475
1429 1572
1429 1761
1429 1511
1429 1764
1428 1628
1428 1847
1428 1761
1428 1453
1428 1585
1428 1502
1428 1500
1428 1471
1428 1824
1428 1443
1428 1563
1428 1461
1428 1475
1428 1477
1428 1592
1428 1516
1428 1802
1428 1430
1428 1528
1428 1426
1428 1578
1428 1451
1428 1452
1428 1567
1428 1459
1580 1885
1580 1735
1580 1819
1580 1564
1580 1567
1580 1594
1580 1865
1580 1859
1580 1913
1580 1801
1580 1847
1580 1685
1580 1572
1580 1574
1732 1890
1732 1766
1732 1898
1732 1897
1732 1696
1732 1752
1732 1684
1732 1861
1732 1863
1732 1889
1732 1887
1732 1912
1732 1883
1732 1916
1732 1625
1732 1613
1732 1628
1732 1911
1732 1768
1732 1457
1732 1743
1735 1819
1735 1895
1735 1613
1735 1737
1735 1685
1735 1562
1735 1564
1735 1567
1735 1594
1735 1866
1735 1916
1735 1801
1735 1628
1735 1748
1735 1880
1735 1572
1735 1746
1735 1574
1737 1567
1737 1859
1737 1741
1737 1801
1737 1625
1737 1809
1737 1748
1737 1763
1737 1746
1737 1574
1585 1592
1585 1761
1585 1483
1585 1426
1585 1500
1585 1471
1585 1824
1585 1465
1585 1443
1585 1563
1585 1528
1585 1685
1585 1567
1585 1815
1585 1475
1585 1477
1585 1866
1585 1516
1585 1802
1585 1430
1585 1457
1585 1847
1585 1578
1585 1452
1585 1479
1585 1511
1585 1459
1502 1426
1502 1625
1502 1761
1502 1453
1502 1890
1502 1477
1502 1696
1502 1471
1502 1441
1502 1516
1502 1443
1502 1563
1502 1461
1502 1751
1502 1475
1502 1861
1502 1866
1502 1567
1502 1501
1502 1430
1502 1457
1502 1578
1502 1451
1502 1452
1502 1479
1502 1511
1502 1459
1503 1847
1503 1895
1503 1802
1503 1815
1503 1618
1503 1500
1503 1457
1503 1563
1503 1528
1503 1567
1503 1504
1503 1477
1503 1501
1503 1916
1503 1824
1503 1767
1503 1681
1503 1578
1503 1452
1503 1763
1503 1746
1503 1766
1503 1459
1500 1519
1500 1443
1500 1483
1500 1890
1500 1802
1500 1815
1500 1618
1500 1767
1500 1430
1500 1501
1500 1528
1500 1504
1500 1475
1500 1866
1500 1916
1500 1761
1500 1426
1500 1847
1500 1457
1500 1572
1500 1760
1500 1516
1500 1511
1500 1459
1501 1761
1501 1483
1501 1895
1501 1453
1501 1457
1501 1443
1501 1562
1501 1563
1501 1461
1501 1751
1501 1504
1501 1475
1501 1477
1501 1861
1501 1889
1501 1592
1501 1885
1501 1516
1501 1802
1501 1426
1501 1847
1501 1578
1501 1451
1501 1452
1501 1479
1501 1511
1501 1459
1504 1519
1504 1815
1504 1618
1504 1578
1504 1441
1504 1528
1504 1477
1504 1471
1504 1475
1504 1511
1504 1459
1767 1628
1767 1649
1767 1766
1767 1890
1767 1757
1767 1753
1767 1752
1767 1613
1767 1764
1767 1861
1767 1888
1767 1911
1767 1684
1767 1746
1767 1916
1767 1572
1767 1802
1767 1625
1767 1768
1767 1457
1767 1761
1767 1765
1609 1616
1609 1617
1609 1852
1609 1628
1609 1649
1609 1604
1609 1919
1609 1911
1609 1913
1609 1574
1609 1917
1609 1916
1572 1895
1572 1613
1572 1696
1572 1457
1572 1443
1572 1757
1572 1685
1572 1564
1572 1567
1572 1528
1572 1453
1572 1889
1572 1763
1572 1885
1572 1684
1572 1802
1572 1847
1572 1866
1572 1563
1572 1681
1572 1578
1572 1519
1572 1477
1572 1880
1572 1574
1572 1761
1572 1594
1613 1628
1613 1818
1613 1890
1613 1567
1613 1616
1613 1648
1613 1443
1613 1606
1613 1757
1613 1752
1613 1807
1613 1861
1613 1688
1613 1889
1613 1866
1613 1911
1613 1913
1613 1912
1613 1917
1613 1916
1613 1919
1613 1625
1613 1603
1613 1649
1613 1748
1613 1452
1613 1617
1613 1604
1613 1766
1613 1852
1613 1743
1805 1888
1805 1895
1805 1892
1805 1818
1805 1819
1805 1865
1805 1866
1805 1885
1805 1880
1805 1803
1805 1802
1805 1847
1805 1741
1805 1601
1805 1763
1805 1761
1805 1459
1861 1890
1861 1648
1861 1898
1861 1519
1861 1858
1861 1863
1861 1889
1861 1887
1861 1912
1861 1883
1861 1743
1861 1625
1861 1897
1861 1604
1861 1911
1861 1452
1861 1761
1861 1766
1861 1765
1465 1866
1465 1426
1465 1578
1465 1443
1465 1441
1465 1563
1465 1592
1465 1430
1465 1457
1465 1471
1465 1477
1465 1475
1465 1511
1465 1459
1863 1889
1863 1680
1863 1883
1863 1890
1863 1887
1863 1743
1865 1888
1865 1895
1865 1892
1865 1818
1865 1819
1865 1564
1865 1866
1865 1885
1865 1880
1865 1807
1865 1803
1865 1802
1865 1601
1865 1628
1865 1847
1865 1459
1592 1426
1592 1578
1592 1443
1592 1563
1592 1441
1592 1477
1592 1912
1592 1824
1592 1681
1592 1471
1592 1451
1592 1452
1592 1475
1592 1745
1592 1511
1592 1459
1911 1890
1911 1628
1911 1649
1911 1606
1911 1616
1911 1819
1911 1696
1911 1648
1911 1858
1911 1753
1911 1752
1911 1684
1911 1688
1911 1889
1911 1745
1911 1913
1911 1912
1911 1883
1911 1917
1911 1916
1911 1919
1911 1625
1911 1603
1911 1604
1911 1768
1911 1457
1911 1617
1911 1761
1911 1766
1911 1852
1911 1765
1913 1892
1913 1741
1913 1616
1913 1617
1913 1757
1913 1752
1913 1687
1913 1919
1913 1885
1913 1917
1913 1916
1913 1761
1913 1625
1913 1603
1913 1649
1913 1648
1913 1809
1913 1606
1913 1880
1913 1763
1913 1604
1913 1852
1913 1764
1913 1574
1912 1628
1912 1761
1912 1887
1912 1898
1912 1890
1912 1859
1912 1766
1912 1745
1912 1471
1912 1757
1912 1752
1912 1680
1912 1688
1912 1743
1912 1684
1912 1916
1912 1567
1912 1648
1912 1681
1912 1578
1912 1764
1912 1687
1912 1765
1917 1859
1917 1617
1917 1603
1917 1649
1917 1919
1917 1616
1917 1748
1917 1895
1917 1852
1917 1916
1916 1890
1916 1625
1916 1604
1916 1567
1916 1606
1916 1688
1916 1696
1916 1648
1916 1528
1916 1752
1916 1859
1916 1684
1916 1919
1916 1594
1916 1616
1916 1889
1916 1745
1916 1883
1916 1866
1916 1617
1916 1628
1916 1649
1916 1768
1916 1457
1916 1748
1916 1761
1916 1766
1916 1852
1916 1764
1483 1443
1483 1562
1483 1461
1483 1751
1483 1477
1483 1479
1483 1430
1483 1426
1483 1451
1483 1452
1483 1453
1483 1516
1483 1511
1483 1459
1684 1426
1684 1761
1684 1766
1684 1764
1684 1890
1684 1815
1684 1567
1684 1696
1684 1757
1684 1752
1684 1858
1684 1688
1684 1889
1684 1745
1684 1625
1684 1628
1684 1604
1684 1681
1684 1680
1684 1768
1684 1471
1684 1477
1684 1687
1684 1765
1430 1426
1430 1471
1430 1824
1430 1443
1430 1563
1430 1461
1430 1477
1430 1453
1430 1528
1430 1578
1430 1451
1430 1475
1430 1516
1625 1890
1625 1761
1625 1809
1625 1606
1625 1885
1625 1696
1625 1688
1625 1819
1625 1757
1625 1852
1625 1880
1625 1741
1625 1649
1625 1743
1625 1763
1625 1889
1625 1888
1625 1919
1625 1603
1625 1628
1625 1648
1625 1617
1625 1604
1625 1764
1625 1453
1461 1453
1461 1801
1461 1751
1461 1451
1461 1477
1461 1516
1461 1618
1461 1457
1461 1452
1461 1479
1628 1649
1628 1890
1628 1648
1628 1809
1628 1748
1628 1743
1628 1606
1628 1757
1628 1880
1628 1528
1628 1752
1628 1889
1628 1885
1628 1760
1628 1426
1628 1761
1628 1617
1628 1688
1628 1604
1628 1852
1628 1765
1457 1426
1457 1475
1457 1866
1457 1895
1457 1890
1457 1815
1457 1819
1457 1471
1457 1441
1457 1563
1457 1752
1457 1751
1457 1443
1457 1477
1457 1889
1457 1885
1457 1516
1457 1453
1457 1578
1457 1451
1457 1452
1457 1763
1457 1479
1457 1511
1457 1459
1748 1649
1748 1809
1748 1741
1748 1819
1748 1562
1748 1567
1748 1594
1748 1859
1748 1801
1748 1685
1748 1763
1748 1746
1748 1516
1451 1426
1451 1443
1451 1562
1451 1563
1451 1751
1451 1594
1451 1574
1451 1824
1451 1471
1451 1477
1451 1452
1451 1453
1451 1516
1451 1459
1451 1479
1452 1426
1452 1761
1452 1453
1452 1471
1452 1443
1452 1563
1452 1751
1452 1441
1452 1477
1452 1824
1452 1516
1452 1528
1452 1648
1452 1578
1452 1479
1452 1511
1452 1459
1453 1471
1453 1757
1453 1443
1453 1563
1453 1751
1453 1477
1453 1885
1453 1516
1453 1528
1453 1578
1453 1479
1453 1511
1453 1459
1574 1426
1574 1617
1574 1562
1574 1564
1574 1751
1574 1567
1574 1741
1574 1681
1574 1594
1574 1859
1574 1809
1574 1685
1745 1887
1745 1753
1745 1696
1745 1824
1745 1764
1745 1688
1745 1681
1745 1680
1745 1768
1745 1687
1745 1765
1746 1815
1746 1852
1746 1809
1746 1562
1746 1753
1746 1475
1746 1594
1746 1866
1746 1801
1746 1601
1746 1763
1516 1426
1516 1803
1516 1471
1516 1751
1516 1741
1516 1477
1516 1528
1516 1578
1516 1479
1516 1511
1516 1459
1511 1471
1511 1426
1511 1443
1511 1563
1511 1441
1511 1824
1511 1578
1511 1477
1511 1475
1511 1479
1511 1459
1741 1606
1741 1818
1741 1819
1741 1562
1741 1919
1741 1859
1741 1761
1741 1801
1741 1809
1741 1763
1741 1764
1743 1519
1743 1752
1743 1895
1743 1897
1743 1890
1743 1688
1743 1648
1743 1757
1743 1858
1743 1766
1743 1889
1743 1763
1743 1887
1743 1885
1743 1883
1743 1898
1743 1680
1743 1604
1743 1764
1743 1765
1426 1866
1426 1761
1426 1471
1426 1824
1426 1443
1426 1563
1426 1528
1426 1441
1426 1477
1426 1885
1426 1578
1426 1475
1426 1459
1847 1807
1847 1866
1847 1819
1847 1895
1847 1890
1847 1892
1847 1815
1847 1818
1847 1562
1847 1880
1847 1528
1847 1859
1847 1802
1847 1888
1847 1803
1847 1601
1847 1578
1847 1519
1847 1763
1847 1760
1847 1567
1459 1818
1459 1471
1459 1443
1459 1563
1459 1441
1459 1892
1459 1477
1459 1889
1459 1885
1459 1567
1459 1578
1459 1479
1648 1890
1648 1606
1648 1616
1648 1696
1648 1757
1648 1889
1648 1866
1648 1761
1648 1603
1648 1649
1648 1604
1648 1809
1648 1766
1648 1852
1648 1764
1648 1765
1898 1890
1898 1858
1898 1889
1898 1887
1898 1883
1898 1685
1898 1688
1895 1819
1895 1852
1895 1818
1895 1685
1895 1563
1895 1477
1895 1807
1895 1815
1895 1866
1895 1885
1895 1880
1895 1802
1895 1801
1895 1601
1895 1578
1897 1890
1897 1519
1897 1889
1897 1887
1897 1883
1897 1765
1890 1858
1890 1852
1890 1866
1890 1519
1890 1815
1890 1696
1890 1757
1890 1752
1890 1567
1890 1889
1890 1887
1890 1883
1890 1604
1890 1681
1890 1688
1890 1761
1890 1766
1890 1765
1519 1815
1519 1443
1519 1528
1519 1688
1519 1866
1519 1885
1519 1802
1892 1888
1892 1885
1892 1852
1892 1818
1892 1819
1892 1866
1892 1880
1892 1807
1892 1803
1892 1802
1892 1601
1892 1578
1892 1477
1815 1618
1815 1563
1815 1528
1815 1567
1815 1763
1815 1765
1618 1528
1616 1852
1616 1649
1616 1604
1616 1606
1617 1852
1617 1919
1617 1603
1617 1649
1617 1763
1617 1604
1818 1888
1818 1819
1818 1919
1818 1866
1818 1885
1818 1880
1818 1807
1818 1761
1818 1803
1818 1802
1818 1601
1818 1479
1818 1766
1819 1752
1819 1757
1819 1888
1819 1885
1819 1880
1819 1807
1819 1866
1819 1803
1819 1802
1819 1594
1819 1601
1819 1475
1696 1761
1696 1887
1696 1688
1696 1889
1696 1681
1696 1680
1696 1687
1696 1765
1649 1604
1649 1852
1649 1685
1649 1752
1649 1807
1649 1603
1649 1606
1649 1764
1471 1443
1471 1563
1471 1477
1471 1441
1471 1824
1471 1809
1471 1578
1471 1475
1471 1479
1443 1475
1443 1761
1443 1688
1443 1563
1443 1528
1443 1766
1443 1441
1443 1477
1443 1889
1443 1885
1443 1824
1443 1578
1443 1567
1441 1578
1441 1563
1441 1824
1441 1477
1441 1475
1824 1578
1824 1563
1824 1475
1757 1761
1757 1766
1757 1885
1757 1753
1757 1752
1757 1594
1757 1688
1757 1889
1757 1880
1757 1802
1757 1809
1757 1768
1757 1763
1757 1685
1757 1760
1757 1604
1757 1764
1757 1765
1562 1685
1562 1752
1562 1567
1562 1594
1562 1859
1562 1885
1562 1801
1562 1681
1562 1763
1562 1761
1563 1475
1563 1604
1563 1477
1563 1764
1563 1889
1563 1802
1563 1601
1563 1578
1563 1567
1563 1765
1753 1752
1753 1760
1753 1768
1753 1761
1753 1764
1752 1761
1752 1885
1752 1766
1752 1528
1752 1688
1752 1760
1752 1601
1752 1768
1752 1685
1752 1477
1752 1764
1752 1765
1751 1477
1751 1801
1751 1479
1567 1564
1567 1685
1567 1859
1567 1477
1567 1594
1567 1688
1567 1889
1567 1866
1567 1801
1567 1578
1567 1763
1567 1761
1567 1765
1858 1889
1858 1887
1528 1866
1528 1802
1528 1887
1528 1763
1528 1765
1859 1809
1859 1685
1859 1801
1859 1768
1859 1761
1475 1477
1475 1880
1475 1578
1688 1761
1688 1889
1688 1681
1688 1680
1688 1578
1688 1687
1688 1765
1889 1604
1889 1887
1889 1866
1889 1883
1889 1761
1889 1760
1889 1766
1889 1765
1888 1564
1888 1866
1888 1880
1888 1807
1888 1803
1888 1802
1888 1601
1887 1852
1887 1883
1885 1807
1885 1802
1885 1866
1885 1880
1885 1601
1885 1578
1885 1763
1885 1761
1883 1852
1883 1604
1880 1866
1880 1919
1880 1807
1880 1803
1880 1802
1880 1809
1880 1606
1880 1601
1807 1866
1807 1803
1807 1601
1807 1809
1919 1802
1919 1852
1919 1603
1919 1604
1919 1809
1919 1606
1919 1763
1866 1802
1866 1803
1866 1809
1866 1765
1761 1594
1761 1763
1761 1802
1761 1601
1761 1809
1761 1768
1761 1578
1761 1760
1761 1766
1761 1764
1803 1802
1803 1601
1802 1601
1802 1852
1801 1564
1801 1809
1801 1685
1801 1594
1801 1477
1801 1763
1594 1685
1594 1564
1594 1477
1601 1606
1601 1477
1603 1766
1603 1852
1603 1606
1603 1604
1604 1606
1604 1852
1604 1764
1809 1606
1809 1685
1809 1763
1606 1852
1606 1763
1681 1479
1681 1680
1681 1687
1681 1763
1681 1765
1680 1765
1680 1685
1680 1687
1768 1760
1768 1685
1768 1766
1768 1764
1768 1765
1578 1766
1578 1477
1578 1764
1578 1479
1685 1564
1477 1763
1477 1479
1477 1765
1687 1765
1763 1852
1763 1765
1760 1766
1760 1764
1766 1764
1764 1765
